header(0, 67108880, 134217760, 2, 402661376, 469893120, 872677376, 0, 0, 0, 0, 0, 0, 0, 0, 0, 0, 0, 0, 0)
entry 0 (16, 19, 0, 0)
@0
	10;0
	1;0
	2;0
	44;160.0f;220.0f
	45;460.0f;220.0f
	46;1;0
	47;18;0
@4
	46;1;0
	42;0
@34
	10;1
	29;0
	17;やるぞー
@38
	11;-1
	4;0
	5;0
	6
	10;0
@68
	52
	0
@0
	0
entry 1 (16, 19, 0, 1)
@0
	10;0
	1;0
	2;0
	44;160.0f;220.0f
	45;460.0f;220.0f
	46;1;0
	47;18;0
@4
	46;1;0
	42;0
@34
	10;1
	29;0
	17;勝ったー
@38
	11;-1
	4;0
	5;0
	6
	10;0
@68
	0
@0
	0
entry 2 (16, 19, 0, 2)
@0
	10;0
	1;0
	2;0
	44;160.0f;220.0f
	45;460.0f;220.0f
	46;5;0
	47;18;0
@4
	47;18;0
	43;0
@34
	10;1
	29;0
	17;くやしー
@38
	11;-1
	4;0
	5;0
	6
	10;0
@68
	0
@0
	0
entry 3 (255, 4, 0, 0)
@0
	10;0
	44;160.0f;220.0f
	45;460.0f;220.0f
	19;22
	1;0
	29;0
@4
	13;6;0
	7;0
	28;160.0f;220.0f
	17;里にまで動物霊が……
@8
	11;-1
@12
	13;3;0
	7;0
	28;160.0f;220.0f
	17;あの畜生界の奴ら、まだ地上征服を
	17;諦めていなかったのね
@16
	11;-1
@20
	13;3;0
	7;0
	28;160.0f;220.0f
	17;急がないと、大変な事になるわ！
@24
	11;-1
	4;0
	10;0
	55
	18
@144
	10;1
@148
	11;-1
	1;0
	2;0
	12
	13;7;0
@152
	14;7;0
	8;0
	28;460.0f;220.0f
	20;0
	17;おっと、霊夢さん？
@156
	11;-1
@160
	13;5;0
	7;0
	28;160.0f;220.0f
	17;コマ犬のあんたまで
	17;こんなところで何をしているの！？
@164
	11;-1
@168
	14;0;0
	8;0
	28;460.0f;220.0f
	17;こんなに霊達が騒いでいるんだもん
@172
	11;-1
@176
	14;1;0
	8;0
	28;460.0f;220.0f
	17;獣の血が騒ぐのよ！
@180
	11;-1
	19;1
	54
	4;0
	5;0
	6
	10;0
@210
	52
	0
@0
	0
entry 4 (255, 4, 0, 1)
@0
	10;0
	1;0
	2;0
	44;160.0f;220.0f
	45;460.0f;220.0f
	46;5;0
	47;18;0
@4
	46;0;0
	42;0
@34
	10;1
	29;0
	17;動物霊を調伏するのは
	17;私の仕事よ
@38
	11;-1
@42
	46;5;0
	42;0
	17;あんたは神社で鎮座してなさい
@46
	11;-1
	4;0
	5;0
	6
	10;0
@76
	0
@0
	0
entry 5 (255, 4, 0, 2)
@0
	10;0
	1;0
	2;0
	44;160.0f;220.0f
	45;460.0f;220.0f
	46;5;0
	47;18;0
@4
	46;2;0
	42;0
@34
	10;1
	29;0
	17;あはは
	17;勝っちゃった
@38
	11;-1
	4;0
	5;0
	6
	10;0
@68
	0
@0
	0
entry 6 (255, 5, 0, 0)
@0
	10;0
	44;160.0f;220.0f
	45;460.0f;220.0f
	19;22
	53
	1;0
	29;0
@4
	13;0;0
	7;0
	28;160.0f;220.0f
	17;山の近くは騒ぎが特に大きいわね……
@8
	11;-1
@12
	13;5;0
	7;0
	28;160.0f;220.0f
	17;この辺を詳しく調べようかな
@16
	11;-1
	4;0
	10;0
	55
	18
@136
	10;1
@140
	11;-1
	1;0
	2;0
	12
	13;7;0
@144
	14;7;0
	8;0
	28;460.0f;220.0f
	20;0
	17;げ、巫女！？
	17;厄介な奴に会っちゃった
@148
	11;-1
@152
	14;4;0
	8;0
	28;460.0f;220.0f
	17;逃ーげよっと
@156
	11;-1
@160
	13;5;0
	7;0
	28;160.0f;220.0f
	17;何故逃げるの？
@164
	11;-1
@168
	13;5;0
	7;0
	28;160.0f;220.0f
	17;悪い事企んでるんでしょ！
@172
	11;-1
	19;1
	54
	4;0
	5;0
	6
	10;0
@202
	52
	0
@0
	0
entry 7 (255, 5, 0, 1)
@0
	10;0
	1;0
	2;0
	44;160.0f;220.0f
	45;460.0f;220.0f
	46;5;0
	47;18;0
@4
	46;0;0
	42;0
@34
	10;1
	29;0
	17;畜生界に関係無い鼠まで動いているなんて
	17;思ったより大事なのかな
@38
	11;-1
@42
	46;6;0
	42;0
	17;侵略しようとしているのは
	17;動物霊だけじゃないのかも……
@46
	11;-1
	4;0
	5;0
	6
	10;0
@76
	0
@0
	0
entry 8 (255, 5, 0, 2)
@0
	10;0
	1;0
	2;0
	44;160.0f;220.0f
	45;460.0f;220.0f
	46;5;0
	47;18;0
@4
	46;6;0
	42;0
@34
	10;1
	29;0
	17;巫女が動いたなら急がないとね！
@38
	11;-1
	4;0
	5;0
	6
	10;0
@68
	0
@0
	0
entry 9 (255, 1, 0, 0)
@0
	10;0
	53
	55
	18
	19;22
@100
	10;1
	28;160.0f;180.0f
	17;おい、霊夢
@120
	10;0
@124
	11;-1
	12
	10;0
	1;0
	2;0
	44;160.0f;220.0f
	45;460.0f;220.0f
	13;0;0
	14;1;0
@128
	14;7;0
	8;0
	28;460.0f;220.0f
	29;0
	20;0
	17;巷は大変な事になってるぜ！
@132
	11;-1
@136
	13;3;0
	7;0
	28;160.0f;220.0f
	17;見れば判るわよ！
@140
	11;-1
@144
	13;5;0
	7;0
	28;160.0f;220.0f
	17;本格的に動物霊が攻めてくるなんて
	17;予想はしてたけど……
@148
	11;-1
@152
	13;3;0
	7;0
	28;160.0f;220.0f
	17;あの畜生界のアウトロー達の
	17;仕業だわ！
@156
	11;-1
@160
	14;6;0
	8;0
	28;460.0f;220.0f
	17;動物霊？
	17;攻めてくる？
@164
	11;-1
@168
	14;5;0
	8;0
	28;460.0f;220.0f
	13;6;0
	17;何を寝ぼけているんだ？
	17;重要なのはそんな所じゃないぜ
@172
	11;-1
@176
	14;0;0
	8;0
	28;460.0f;220.0f
	17;これは大地の所有権の問題だ
@180
	11;-1
@184
	14;0;0
	8;0
	28;460.0f;220.0f
	17;一部の富裕霊達が決して手放そうと
	17;しなかった大地の所有権が
@188
	11;-1
@192
	14;2;0
	8;0
	28;460.0f;220.0f
	17;突然、放棄されたんだ
	17;これはピンチじゃない、チャンスだぜ！
@196
	11;-1
@200
	14;1;0
	8;0
	28;460.0f;220.0f
	17;貪欲な霊達に支配される前に
	17;少しでも手に入れようぜ！
@204
	11;-1
@208
	13;0;0
	7;0
	28;160.0f;220.0f
	17;……なるほど
@212
	11;-1
@216
	13;6;0
	7;0
	28;160.0f;220.0f
	19;2
	17;|72,16,・・・
	17;あんたはそっち側なのね
@220
	11;-1
@224
	13;5;0
	7;0
	28;160.0f;220.0f
	17;魔理沙、目を覚ますのよ！
@228
	11;-1
@232
	13;1;0
	7;0
	28;160.0f;220.0f
	17;人間の知性を放棄して
	17;弱肉強食の理に身を委ねるというのなら
@236
	11;-1
@240
	13;1;0
	7;0
	28;160.0f;220.0f
	17;あんたはもう、畜生よ
	17;調伏してみせる！
@244
	11;-1
	54
	4;0
	5;0
	6
	10;0
@274
	52
	0
@0
	0
entry 10 (255, 1, 0, 1)
@0
	10;0
	1;0
	2;0
	44;160.0f;220.0f
	45;460.0f;220.0f
	46;5;0
	47;18;0
@4
	47;17;0
	43;0
@34
	10;1
	29;0
	17;参った参った
	17;降参だ！
@38
	11;-1
@42
	47;15;0
	43;0
	17;それにしても動物霊だって？
	17;霊夢は畜生界に黒幕がいると考えているのか？
@46
	11;-1
@50
	46;0;0
	42;0
	17;それしか考えられないわね
@54
	11;-1
@58
	46;3;0
	42;0
	17;畜生界のあいつ等、いつだって
	17;地上を支配しようとしていたし
@62
	11;-1
@66
	47;10;0
	43;0
	17;そっか、じゃあ頑張れよ
@70
	11;-1
@74
	47;15;0
	43;0
	17;私は別の考えがあるんでな
@78
	11;-1
	4;0
	5;0
	6
	10;0
@108
	0
@0
	0
entry 11 (255, 1, 0, 2)
@0
	10;0
	1;0
	2;0
	44;160.0f;220.0f
	45;460.0f;220.0f
	46;5;0
	47;18;0
@4
	46;5;0
	42;0
@34
	10;1
	29;0
	17;じゃあな
@38
	11;-1
@42
	46;5;0
	42;0
	17;天才にあぐらかいて
	17;腕がなまっているんじゃないか？
@46
	11;-1
	4;0
	5;0
	6
	10;0
@76
	0
@0
	0
entry 12 (255, 13, 0, 0)
@0
	10;0
	44;160.0f;220.0f
	45;460.0f;220.0f
	19;22
	53
	1;0
	29;0
@4
	13;4;0
	7;0
	28;160.0f;220.0f
	17;畜生界に行く道って、こっちで
	17;あってたっけ？
@8
	11;-1
	4;0
	10;0
	55
	18
@128
	10;1
@132
	11;-1
	1;0
	2;0
	12
	13;7;0
@136
	14;7;0
	8;0
	28;460.0f;220.0f
	20;0
	17;おい、何処に行くつもりだ？
@140
	11;-1
@144
	13;7;0
	7;0
	28;160.0f;220.0f
	17;あ？　萃香？
@148
	11;-1
@152
	14;0;0
	8;0
	28;460.0f;220.0f
	17;地獄に向かおうって言うんだな？
@156
	11;-1
@160
	14;5;0
	8;0
	28;460.0f;220.0f
	17;お前は相変わらず中々鋭い奴だ
	17;感心するぞ
@164
	11;-1
@168
	14;0;0
	8;0
	28;460.0f;220.0f
	17;しかし、何処で気が付いたんだ？
@172
	11;-1
@176
	14;2;0
	8;0
	28;460.0f;220.0f
	17;動物霊をけしかけている奴が
	17;地獄にいる事なんてさ
@180
	11;-1
@184
	13;6;0
	7;0
	28;160.0f;220.0f
	17;え、いやその
	17;私は畜生界に……
@188
	11;-1
@192
	13;6;0
	7;0
	28;160.0f;220.0f
	17;動物霊達の親玉は畜生界に
	17;いるんでしょ？
@196
	11;-1
@200
	14;6;0
	8;0
	28;460.0f;220.0f
	19;14
	17;……おっと、見込み違いか
@204
	11;-1
@208
	14;1;0
	8;0
	28;460.0f;220.0f
	17;じゃあ、お前に用はない
	17;とっとと去れ！
@212
	11;-1
	54
	4;0
	5;0
	6
	10;0
@242
	52
	0
@0
	0
entry 13 (255, 13, 0, 1)
@0
	10;0
	1;0
	2;0
	44;160.0f;220.0f
	45;460.0f;220.0f
	46;5;0
	47;18;0
@4
	46;6;0
	42;0
@34
	10;1
	29;0
	17;|53,10,あんた
	17;何で、萃香が……
@38
	11;-1
@42
	47;18;0
	43;0
	17;腕っ節は鈍っていないようだな
@46
	11;-1
@50
	47;12;0
	43;0
	17;良いだろう
	17;お前に教えてやる
@54
	11;-1
@58
	47;15;0
	43;0
	17;手っ取り早く仕事をしたければ
	17;畜生界なんか行くな
@62
	11;-1
@66
	46;6;0
	42;0
	17;ああ？
@70
	11;-1
@74
	47;11;0
	43;0
	46;7;0
	29;1
	17;迎え
	17;地獄へ！
@78
	11;-1
@82
	47;11;0
	43;0
	29;0
	17;そして王の予定を狂わせるんだ！
@86
	11;-1
	4;0
	5;0
	6
	10;0
@116
	0
@0
	0
entry 14 (255, 13, 0, 2)
@0
	10;0
	1;0
	2;0
	44;160.0f;220.0f
	45;460.0f;220.0f
	46;5;0
	47;18;0
@4
	46;6;0
	42;0
@34
	10;1
	29;0
	17;腕が鈍ってるなぁ
	17;そんなんじゃ、この先に行っても死ぬだけだ
@38
	11;-1
	4;0
	5;0
	6
	10;0
@68
	0
@0
	0
entry 15 (255, 17, 0, 0)
@0
	10;0
	44;160.0f;220.0f
	45;460.0f;180.0f
	19;23
	53
	1;0
	29;0
@4
	13;4;0
	7;0
	28;160.0f;220.0f
	17;ああ、この嵐の感じ、思い出すわー
@8
	11;-1
@12
	13;4;0
	7;0
	28;160.0f;220.0f
	17;まさに地獄って感じ
@16
	11;-1
	4;0
	10;0
	55
	18
@116
	10;0
	28;160.0f;180.0f
	17;あら、地獄へようこそ
@136
	10;1
@140
	11;-1
	1;0
	2;0
	12
	13;7;0
@144
	14;0;0
	8;0
	28;460.0f;180.0f
	17;かの有名な
	17;幻想郷の巫女さんね
@148
	11;-1
@152
	13;7;0
	7;0
	28;160.0f;220.0f
	17;誰？
@156
	11;-1
@160
	14;0;0
	8;0
	28;460.0f;180.0f
	20;0
	17;|38,13,よもつ　ひさみ
	17;私は豫母都日狭美
	17;地獄の案内人ですわ
@164
	11;-1
@168
	14;5;0
	8;0
	28;460.0f;180.0f
	17;地獄はいつでも誰でも
	17;ウェルカムでございます
@172
	11;-1
@176
	14;0;0
	8;0
	28;460.0f;180.0f
	17;で、本日はどちらに？
@180
	11;-1
@184
	13;0;0
	7;0
	28;160.0f;220.0f
	17;ど、動物霊の侵略を止めようと
@188
	11;-1
@192
	13;1;0
	7;0
	28;160.0f;220.0f
	17;なんか、地獄に黒幕がいるって
	17;聞いたわ
@196
	11;-1
@200
	13;6;0
	7;0
	28;160.0f;220.0f
	29;3
	17;……さっき
@204
	11;-1
@208
	14;6;0
	8;0
	28;460.0f;180.0f
	29;0
	17;ほほう、どうやってそのことに
	17;気が付いたのでしょう？
@212
	11;-1
@216
	14;0;0
	8;0
	28;460.0f;180.0f
	17;まだ宴も始まってもいないのに
@220
	11;-1
@224
	14;0;0
	8;0
	28;460.0f;180.0f
	17;でも案内はしてあげる
@228
	11;-1
@232
	14;1;0
	8;0
	28;460.0f;180.0f
	19;18
	29;1
	17;地獄の流儀に従って
	17;案内するのは死霊だけだがな！
@236
	11;-1
	54
	4;0
	5;0
	6
	10;0
@266
	52
	0
@0
	0
entry 16 (255, 17, 0, 1)
@0
	10;0
	1;0
	2;0
	44;160.0f;220.0f
	45;460.0f;180.0f
	46;5;0
	47;18;0
@4
	47;12;0
	43;0
@34
	10;1
	29;0
	17;ああー
	17;素敵だわー
@38
	11;-1
@42
	47;12;0
	43;0
	17;こんなにも強い人間なんて
	17;何年ぶりかしら
@46
	11;-1
@50
	47;11;0
	43;0
	17;それこそあのお方くらいしか
	17;覚えていない
@54
	11;-1
@58
	46;0;0
	42;0
	17;あのお方？
@62
	11;-1
@66
	47;10;0
	43;0
	17;慌てなくても
	17;今から案内してあげますわ
@70
	11;-1
@74
	47;15;0
	43;0
	17;貴方の目的は
	17;最初からあのお方でしょ？
@78
	11;-1
@82
	46;4;0
	42;0
	17;あ、いや、はい……
@86
	11;-1
	4;0
	5;0
	6
	10;0
@116
	0
@0
	0
entry 17 (255, 17, 0, 2)
@0
	10;0
	1;0
	2;0
	44;160.0f;220.0f
	45;460.0f;180.0f
	46;5;0
	47;18;0
@4
	46;0;0
	42;0
@34
	10;1
	29;0
	17;それでは約束通り案内します
@38
	11;-1
@42
	46;1;0
	42;0
	17;地獄へ、ね
@46
	11;-1
	17;w@VSEND()
@0
	0
entry 18 (255, 18, 0, 0)
@0
	10;0
	44;160.0f;220.0f
	45;450.0f;200.0f
	19;23
	53
	1;0
	29;0
@4
	13;4;0
	7;0
	28;160.0f;220.0f
	17;……地獄に堕ちてしまった
@8
	11;-1
@12
	13;4;0
	7;0
	28;160.0f;220.0f
	17;まさに成り行きで
@16
	11;-1
	4;0
	10;0
	55
	18
@116
	10;0
	28;160.0f;180.0f
	17;生きた人間よ
@136
	10;1
@140
	11;-1
	1;0
	2;0
	12
	13;7;0
@144
	14;0;0
	8;0
	28;450.0f;200.0f
	20;0
	17;|69,10,にっぱく　ざんむ
	17;我が名は日白　残無
@148
	11;-1
@152
	14;5;0
	8;0
	28;450.0f;200.0f
	17;このような虚無の世界に何用だ
@156
	11;-1
@160
	13;5;0
	7;0
	28;160.0f;220.0f
	17;あんたが、動物霊を操って
	17;地上を支配しようとしているんでしょ？
@164
	11;-1
@168
	13;1;0
	7;0
	28;160.0f;220.0f
	17;この博麗霊夢が退治に来てやったわ！
@172
	11;-1
@176
	14;7;0
	8;0
	28;450.0f;200.0f
	17;儂が、動物霊を操って……
	17;地上を支配……？
@180
	11;-1
@184
	14;2;0
	8;0
	28;450.0f;200.0f
	17;ふっふっふ
@188
	11;-1
@192
	14;5;0
	8;0
	28;450.0f;200.0f
	17;|40,16,・・
	17;儂はまだ、そんなことはしていない
@196
	11;-1
@200
	14;0;0
	8;0
	28;450.0f;200.0f
	17;これからもそんな事をする気は無い
@204
	11;-1
@208
	14;6;0
	8;0
	28;450.0f;200.0f
	17;|104,16,・・・・・・・
	17;お前は、まだ起きてもいない異変を
	17;解決しに、儂の元に来たのか
@212
	11;-1
@216
	13;6;0
	7;0
	28;160.0f;220.0f
	29;3
	17;いったい何を言って……
@220
	11;-1
@224
	13;1;0
	7;0
	28;160.0f;220.0f
	29;0
	17;って、誤魔化そうったってそうはいかないわ
	17;勘だけど、あんたがやってそうだし
@228
	11;-1
@232
	14;5;0
	8;0
	28;450.0f;200.0f
	29;1
	17;あっはっは！
@236
	11;-1
@240
	14;0;0
	8;0
	28;450.0f;200.0f
	29;0
	17;お前は、山で踊り狂う獣にも
	17;森で命を持てあます獣にも
@244
	11;-1
@248
	14;5;0
	8;0
	28;450.0f;200.0f
	17;地の底で血をすする獣にも
	17;出会わずに儂の所に来た
@252
	11;-1
@256
	14;2;0
	8;0
	28;450.0f;200.0f
	17;これを笑わずにおられるか
@260
	11;-1
@264
	14;0;0
	8;0
	28;450.0f;200.0f
	19;19
	17;もちろん、気に入ったぞ
	17;望み通り戦ってやろう
@268
	11;-1
@272
	14;5;0
	8;0
	28;450.0f;200.0f
	17;そして訳もわからず解決した異変を見て
	17;悩み続けるが良い
@276
	11;-1
@280
	14;1;0
	8;0
	28;450.0f;200.0f
	29;1
	17;虚無に苦しめ！
	17;それが儂からの手土産だ！
@284
	11;-1
	54
	4;0
	5;0
	6
	10;0
@314
	52
	0
@0
	0
entry 19 (255, 18, 0, 1)
@0
	10;0
@120
	10;0
@180
	21
@300
	22
	0
@0
	0
entry 20 (255, 18, 0, 2)
@0
	10;0
	1;0
	2;0
	44;160.0f;220.0f
	45;450.0f;200.0f
	46;5;0
	47;18;0
@4
	46;4;0
	42;0
@34
	10;1
	29;0
	17;期待した儂が馬鹿じゃったか
@38
	11;-1
@42
	46;6;0
	42;0
	17;まるで昔の儂のようだと
	17;思ったのにのう
@46
	11;-1
	4;0
	5;0
	6
	10;0
@76
	0
@0
	0
