header(0, 201326656, 67108896, 1, 268437504, 671121408, 872677376, 0, 0, 0, 0, 0, 0, 0, 0, 0, 0, 0, 0, 0)
entry 0 (16, 19, 0, 0)
@0
	10;0
	1;0
	2;0
	44;160.0f;220.0f
	45;460.0f;220.0f
	46;1;0
	47;18;0
@4
	46;1;0
	42;0
@34
	10;1
	29;0
	17;やるぞー
@38
	11;-1
@42
	47;1;0
	43;0
	17;やるぞー
@46
	11;-1
	4;0
	5;0
	6
	10;0
@76
	52
	0
@0
	0
entry 1 (16, 19, 0, 1)
@0
	10;0
	1;0
	2;0
	44;160.0f;220.0f
	45;460.0f;220.0f
	46;1;0
	47;18;0
@4
	46;1;0
	42;0
@34
	10;1
	29;0
	17;|136,16,おこ
	17;私に勝とうなんて烏滸がましいわ！
@38
	11;-1
	4;0
	5;0
	6
	10;0
@68
	0
@0
	0
entry 2 (16, 19, 0, 2)
@0
	10;0
	1;0
	2;0
	44;160.0f;220.0f
	45;460.0f;220.0f
	46;5;0
	47;18;0
@4
	47;18;0
	43;0
@34
	10;1
	29;0
	17;くやしー
@38
	11;-1
	4;0
	5;0
	6
	10;0
@68
	0
@0
	0
entry 3 (255, 6, 0, 0)
@0
	10;0
	44;160.0f;220.0f
	45;460.0f;220.0f
	19;22
	1;0
	29;0
@4
	13;5;0
	7;0
	28;160.0f;220.0f
	17;間違いない
@8
	11;-1
@12
	13;2;0
	7;0
	28;160.0f;220.0f
	17;あの市場の神の所為で
	17;地上に革命が起きている
@16
	11;-1
@20
	13;5;0
	7;0
	28;160.0f;220.0f
	17;この機会を逃してなるものか！
@24
	11;-1
	4;0
	10;0
	55
	18
	18
@124
	10;0
	28;160.0f;180.0f
	17;おっと、魔理沙じゃん
@144
	10;1
@148
	11;-1
	1;0
	2;0
	12
	13;7;0
@152
	14;0;0
	8;0
	28;460.0f;220.0f
	20;0
	17;こんな所で奇遇ね
@156
	11;-1
@160
	13;6;0
	7;0
	28;160.0f;220.0f
	17;月の兎……
	17;果たして、本当に奇遇なのか？
@164
	11;-1
@168
	13;4;0
	7;0
	28;160.0f;220.0f
	17;まあいい、異変と無関係とは
	17;思えないな
@172
	11;-1
	19;1
	54
	4;0
	5;0
	6
	10;0
@202
	52
	0
@0
	0
entry 4 (255, 6, 0, 1)
@0
	10;0
	1;0
	2;0
	44;160.0f;220.0f
	45;460.0f;220.0f
	46;5;0
	47;18;0
@4
	46;4;0
	42;0
@34
	10;1
	29;0
	17;月の勢力まで大地に
	17;手を出そうとしているとは……
@38
	11;-1
@42
	46;0;0
	42;0
	17;急いだ方が良さそうだ
@46
	11;-1
	4;0
	5;0
	6
	10;0
@76
	0
@0
	0
entry 5 (255, 6, 0, 2)
@0
	10;0
	1;0
	2;0
	44;160.0f;220.0f
	45;460.0f;220.0f
	46;5;0
	47;18;0
@4
	46;1;0
	42;0
@34
	10;1
	29;0
	17;じゃあねー
@38
	11;-1
	4;0
	5;0
	6
	10;0
@68
	0
@0
	0
entry 6 (255, 5, 0, 0)
@0
	10;0
	44;160.0f;220.0f
	45;460.0f;220.0f
	19;22
	1;0
	29;0
@4
	13;6;0
	7;0
	28;160.0f;220.0f
	17;里も幽霊だらけだな
@8
	11;-1
@12
	13;2;0
	7;0
	28;160.0f;220.0f
	17;既に奴らに目を付けられたか……
@16
	11;-1
@20
	13;5;0
	7;0
	28;160.0f;220.0f
	17;|69,10,あいつ
	17;悔しいが霊夢に相談した方が
	17;いいかもな
@24
	11;-1
	4;0
	10;0
	55
	18
	18
@124
	10;0
	28;160.0f;180.0f
	17;おっと
@144
	10;1
@148
	11;-1
	1;0
	2;0
	12
	13;7;0
@152
	14;5;0
	8;0
	28;460.0f;220.0f
	20;0
	17;いやなタイミングで
	17;いやな奴に出会っちゃった
@156
	11;-1
@160
	13;0;0
	7;0
	28;160.0f;220.0f
	17;命蓮寺の所の鼠じゃないか
@164
	11;-1
@168
	13;5;0
	7;0
	28;160.0f;220.0f
	17;中々目ざとい奴だな
	17;この異変に目を付けるなんて
@172
	11;-1
@176
	14;3;0
	8;0
	28;460.0f;220.0f
	17;なによ
	17;別に良いでしょ？
@180
	11;-1
@184
	14;1;0
	8;0
	28;460.0f;220.0f
	17;あの宝は先に見つけたんだから
	17;私のもんよ！
@188
	11;-1
	19;1
	54
	4;0
	5;0
	6
	10;0
@218
	52
	0
@0
	0
entry 7 (255, 5, 0, 1)
@0
	10;0
	1;0
	2;0
	44;160.0f;220.0f
	45;460.0f;220.0f
	46;5;0
	47;18;0
@4
	46;0;0
	42;0
@34
	10;1
	29;0
	17;まあ、鼠に負けるほど
	17;腕はなまっていないがな
@38
	11;-1
	4;0
	5;0
	6
	10;0
@68
	0
@0
	0
entry 8 (255, 5, 0, 2)
@0
	10;0
	1;0
	2;0
	44;160.0f;220.0f
	45;460.0f;220.0f
	46;5;0
	47;18;0
@4
	46;6;0
	42;0
@34
	10;1
	29;0
	17;この辺はハズレね
	17;別の場所に探しに行こうっと
@38
	11;-1
	4;0
	5;0
	6
	10;0
@68
	0
@0
	0
entry 9 (255, 0, 0, 0)
@0
	10;0
	44;160.0f;220.0f
	45;460.0f;220.0f
	19;22
	1;0
	29;0
@4
	13;7;0
	7;0
	28;160.0f;220.0f
	17;凄いな……
	17;こんな山奥まで一斉に異変が及んでいる
@8
	11;-1
@12
	13;0;0
	7;0
	28;160.0f;220.0f
	17;普通の人には判らないと思うが
	17;魔法使いの私なら判る
@16
	11;-1
@20
	13;5;0
	7;0
	28;160.0f;220.0f
	17;まるで地上が全て無に返されたようだ
@24
	11;-1
@28
	13;6;0
	7;0
	28;160.0f;220.0f
	17;市場の神ってもしかして
	17;とんでもない奴だったんじゃ
@32
	11;-1
	4;0
	10;0
	55
	18
	18
@132
	10;0
	28;160.0f;180.0f
	17;あ、魔理沙
@152
	10;1
@156
	11;-1
	1;0
	2;0
	12
	13;7;0
@160
	14;5;0
	8;0
	28;460.0f;220.0f
	20;0
	17;あんたはこんな場所で
	17;暢気にハイキング？
@164
	11;-1
@168
	13;7;0
	7;0
	28;160.0f;220.0f
	17;おい、霊夢
	17;何冗談を言ってるんだ
@172
	11;-1
@176
	13;0;0
	7;0
	28;160.0f;220.0f
	17;巷は大変な事になってるぜ！
@180
	11;-1
@184
	14;3;0
	8;0
	28;460.0f;220.0f
	17;見れば判るわよ！
@188
	11;-1
@192
	14;5;0
	8;0
	28;460.0f;220.0f
	17;本格的に動物霊が攻めてくるなんて
	17;予想はしてたけど……
@196
	11;-1
@200
	14;3;0
	8;0
	28;460.0f;220.0f
	17;あの畜生界のアウトロー達の
	17;仕業だわ！
@204
	11;-1
@208
	13;6;0
	7;0
	28;160.0f;220.0f
	17;動物霊？
	17;攻めてくる？
@212
	11;-1
@216
	13;5;0
	7;0
	28;160.0f;220.0f
	13;6;0
	17;何を寝ぼけているんだ？
	17;重要なのはそんな所じゃないぜ
@220
	11;-1
@224
	13;0;0
	7;0
	28;160.0f;220.0f
	17;これは大地の所有権の問題だ
@228
	11;-1
@232
	13;0;0
	7;0
	28;160.0f;220.0f
	17;一部の富裕霊達が決して手放そうと
	17;しなかった大地の所有権が
@236
	11;-1
@240
	13;2;0
	7;0
	28;160.0f;220.0f
	17;突然、放棄されたんだ
	17;これはピンチじゃない、チャンスだぜ！
@244
	11;-1
@248
	13;1;0
	7;0
	28;160.0f;220.0f
	17;貪欲な霊達に支配される前に
	17;少しでも手に入れようぜ！
@252
	11;-1
@256
	14;0;0
	8;0
	28;460.0f;220.0f
	17;……なるほど
@260
	11;-1
@264
	14;6;0
	8;0
	28;460.0f;220.0f
	19;2
	17;|72,16,・・・
	17;あんたはそっち側なのね
@268
	11;-1
@272
	14;5;0
	8;0
	28;460.0f;220.0f
	17;魔理沙、目を覚ますのよ！
@276
	11;-1
@280
	14;1;0
	8;0
	28;460.0f;220.0f
	17;人間の知性を放棄して
	17;弱肉強食の理に身を委ねるというのなら
@284
	11;-1
@288
	14;1;0
	8;0
	28;460.0f;220.0f
	17;あんたはもう、畜生よ
	17;調伏してみせる！
@292
	11;-1
	54
	4;0
	5;0
	6
	10;0
@322
	52
	0
@0
	0
entry 10 (255, 0, 0, 1)
@0
	10;0
	1;0
	2;0
	44;160.0f;220.0f
	45;460.0f;220.0f
	46;5;0
	47;18;0
@4
	46;2;0
	42;0
@34
	10;1
	29;0
	17;よし勝った！
@38
	11;-1
@42
	46;0;0
	42;0
	17;それにしても動物霊だって？
	17;霊夢は畜生界に黒幕がいると考えているのか
@46
	11;-1
@50
	47;0;0
	43;0
	17;あんたは違うの？
@54
	11;-1
@58
	46;0;0
	42;0
	17;ああ、この大地の奪い合いには
	17;かすかに未知の魔力を感じている
@62
	11;-1
@66
	46;6;0
	42;0
	17;これは獣のなせる業ではない
@70
	11;-1
@74
	46;5;0
	42;0
	17;来たるべき異変に備えて
	17;今は大地の所有権を押さえるべきなんだ
@78
	11;-1
	4;0
	5;0
	6
	10;0
@108
	0
@0
	0
entry 11 (255, 0, 0, 2)
@0
	10;0
	1;0
	2;0
	44;160.0f;220.0f
	45;460.0f;220.0f
	46;5;0
	47;18;0
@4
	47;18;0
	43;0
@34
	10;1
	29;0
	17;参った参った
	17;降参だ！
@38
	11;-1
	4;0
	5;0
	6
	10;0
@68
	0
@0
	0
entry 12 (255, 11, 0, 0)
@0
	10;0
	44;160.0f;220.0f
	45;460.0f;220.0f
	19;22
	1;0
	29;0
@4
	13;0;0
	7;0
	28;160.0f;220.0f
	17;なるほど、霊夢の視点ではこの異変は
	17;畜生界の再襲撃に見えているのか
@8
	11;-1
@12
	13;6;0
	7;0
	28;160.0f;220.0f
	17;そう言われてみると、動物霊の動きにも
	17;不審なところも無くもない
@16
	11;-1
@20
	13;5;0
	7;0
	28;160.0f;220.0f
	17;ただ、それ以外の霊達も大騒ぎしてるし
	17;大袈裟なんじゃ無いかなぁ
@24
	11;-1
	4;0
	10;0
	55
	18
	18
@124
	10;0
	28;160.0f;180.0f
	17;お、魔理沙じゃないか
@144
	10;1
@148
	11;-1
	1;0
	2;0
	12
	13;7;0
@152
	14;5;0
	8;0
	28;460.0f;220.0f
	20;0
	17;久しぶりだね
	17;強く元気にしてたかね
@156
	11;-1
@160
	13;7;0
	7;0
	28;160.0f;220.0f
	17;げ、お前は
	17;畜生界の！
@164
	11;-1
@168
	14;2;0
	8;0
	28;460.0f;220.0f
	17;どうだ、いつでも勁牙組に入れてやるよ
@172
	11;-1
@176
	14;5;0
	8;0
	28;460.0f;220.0f
	17;お前の強さなら最初から幹部でも良いぞ
@180
	11;-1
@184
	13;7;0
	7;0
	28;160.0f;220.0f
	17;え、あ、いやその
@188
	11;-1
@192
	13;4;0
	7;0
	28;160.0f;220.0f
	29;2
	17;霊夢の言っていた事はマジなのか？
	17;畜生界が人間界を支配するって奴……
@196
	11;-1
@200
	14;2;0
	8;0
	28;460.0f;220.0f
	29;0
	17;はっはっは、まあいい
@204
	11;-1
@208
	14;0;0
	8;0
	28;460.0f;220.0f
	19;12
	17;まもなく、地上の奴らは
	17;|52,9,けいがぐみ
	17;みんな勁牙組の傘下になる
@212
	11;-1
@216
	14;2;0
	8;0
	28;460.0f;220.0f
	17;力強さが売りの新しい地上の始まりだ！
@220
	11;-1
@224
	13;7;0
	7;0
	28;160.0f;220.0f
	29;0
	17;マジか！
	17;マジなのか！
@228
	11;-1
@232
	13;3;0
	7;0
	28;160.0f;220.0f
	29;0
	17;こりゃ阻止しないといけないな！
	17;今ここで！
@236
	11;-1
@240
	14;1;0
	8;0
	28;460.0f;220.0f
	29;1
	17;さあ来い！
	17;弱かったら地上からたたき出すぞ！
@244
	11;-1
	54
	4;0
	5;0
	6
	10;0
@274
	52
	0
@0
	0
entry 13 (255, 11, 0, 1)
@0
	10;0
	1;0
	2;0
	44;160.0f;220.0f
	45;460.0f;220.0f
	46;5;0
	47;18;0
@4
	46;2;0
	42;0
@34
	10;1
	29;0
	17;地上を支配しようなんて
	17;思わない事だな
@38
	11;-1
@42
	47;10;0
	43;0
	17;くっくっく
	17;既に時は遅い
@46
	11;-1
@50
	47;15;0
	43;0
	17;もう勁牙組の新しい仲間が
	17;地上で生まれている
@54
	11;-1
@58
	46;7;0
	42;0
	17;なんだと？
@62
	11;-1
@66
	47;16;0
	43;0
	17;地上を支配するのに
	17;霊体だけでは何かと不便でな
@70
	11;-1
@74
	47;12;0
	43;0
	17;魔法の森で最強の獣を見つけたよ
@78
	11;-1
@82
	47;15;0
	43;0
	17;勁牙組にもう敵はいない！
@86
	11;-1
	4;0
	5;0
	6
	10;0
@116
	0
@0
	0
entry 14 (255, 11, 0, 2)
@0
	10;0
	1;0
	2;0
	44;160.0f;220.0f
	45;460.0f;220.0f
	46;5;0
	47;18;0
@4
	46;3;0
	42;0
@34
	10;1
	29;0
	17;弱い！
	17;そんなんじゃつまらないぞ！
@38
	11;-1
	4;0
	5;0
	6
	10;0
@68
	0
@0
	0
entry 15 (255, 15, 0, 0)
@0
	10;0
	44;160.0f;220.0f
	45;460.0f;220.0f
	19;23
	1;0
	29;0
@4
	13;6;0
	7;0
	28;160.0f;220.0f
	17;勁牙組の新しい仲間だと？
@8
	11;-1
@12
	13;6;0
	7;0
	28;160.0f;220.0f
	17;魔法の森にいるって話だったが……
@16
	11;-1
@20
	13;4;0
	7;0
	28;160.0f;220.0f
	17;勁牙組の奴らの事だからなぁ？
	17;一体どんな筋肉馬鹿な奴なんだろう
@24
	11;-1
@28
	13;4;0
	7;0
	28;160.0f;220.0f
	17;力自慢を集めても地上の支配は
	17;難しいと思うんだが……
@32
	11;-1
@36
	13;0;0
	7;0
	28;160.0f;220.0f
	17;なんなら、私があいつらを
	17;有効利用できないかな……
@40
	11;-1
	4;0
	10;0
	55
	18
	18
@140
	10;0
	28;160.0f;180.0f
	17;標的、みーっけ！
@160
	10;1
@164
	11;-1
	1;0
	2;0
	12
	13;7;0
@168
	14;2;0
	8;0
	28;460.0f;220.0f
	17;早鬼様が言っていた通りね
@172
	11;-1
@176
	14;5;0
	8;0
	28;460.0f;220.0f
	17;最重要人物は
	17;魔法の森に帰ってくるって
@180
	11;-1
@184
	13;7;0
	7;0
	28;160.0f;220.0f
	17;だ、誰だお前
	17;お前が勁牙組のー
@188
	11;-1
@192
	14;5;0
	8;0
	28;460.0f;220.0f
	20;0
	19;16
	17;我こそは勁牙組の地上隊隊長
	17;|8,16,えのこ
	17;慧ノ子だ！
@196
	11;-1
@200
	14;2;0
	8;0
	28;460.0f;220.0f
	17;早鬼様の命により、お前を捉えて
	17;勁牙組に入隊させてやる！
@204
	11;-1
@208
	13;7;0
	7;0
	28;160.0f;220.0f
	17;で、でた、筋肉馬鹿だー！
@212
	11;-1
@216
	14;2;0
	8;0
	28;460.0f;220.0f
	29;1
	17;いざ勝負だ！
	17;よく噛んで死ねい！
@220
	11;-1
	54
	4;0
	5;0
	6
	10;0
@250
	52
	0
@0
	0
entry 16 (255, 15, 0, 1)
@0
	10;0
	1;0
	2;0
	44;160.0f;220.0f
	45;460.0f;220.0f
	46;5;0
	47;18;0
@4
	47;18;0
	43;0
@34
	10;1
	29;0
	17;なんと、強くなったもんね
@38
	11;-1
@42
	47;10;0
	43;0
	17;泣きながら森に逃げて来た
	17;あの少女とは思えないな
@46
	11;-1
@50
	46;5;0
	42;0
	17;あ？
	17;誰だお前
@54
	11;-1
@58
	47;16;0
	43;0
	17;もっとも、その頃は私も
	17;年老いた山犬だったけど
@62
	11;-1
@66
	46;6;0
	42;0
	17;……さっきから何か強い魔力を感じるな
@70
	11;-1
@74
	46;0;0
	42;0
	17;その首に掛けたペンダントからだ
@78
	11;-1
@82
	46;2;0
	42;0
	17;それは何だ？
@86
	11;-1
@90
	47;16;0
	43;0
	17;これ？
	17;早鬼様から頂いたペンダントだけど
@94
	11;-1
@98
	47;16;0
	43;0
	17;私にも何なのかよく判らない
@102
	11;-1
@106
	46;2;0
	42;0
	17;この場に相応しくない
	17;全てを無に帰すような魔力……
@110
	11;-1
	51;0
@114
	46;2;0
	42;0
	56
	17;いかん、マジックアイテムに魅入られすぎたか……
	17;眠気が……
@234
	10;1
@238
	11;-1
	4;0
	5;0
	6
	10;0
@268
	0
@0
	0
entry 17 (255, 15, 0, 2)
@0
	10;0
	1;0
	2;0
	44;160.0f;220.0f
	45;460.0f;220.0f
	46;5;0
	47;18;0
@4
	46;3;0
	42;0
@34
	10;1
	29;0
	17;なーんだ
	17;期待外れもいいとこじゃん
@38
	11;-1
	4;0
	5;0
	6
	10;0
@68
	0
@0
	0
entry 18 (255, 18, 0, 0)
@0
	10;0
	44;160.0f;220.0f
	45;450.0f;200.0f
	19;23
	1;0
	29;0
@4
	13;6;0
	7;0
	28;160.0f;220.0f
	17;……ここは
@8
	11;-1
@12
	13;6;0
	7;0
	28;160.0f;220.0f
	17;ここは何処だ？
	17;一体何が……？
@16
	11;-1
	4;0
	10;0
	55
	18
	18
@116
	10;0
	28;160.0f;180.0f
	17;目が覚めたか
@136
	10;1
@140
	11;-1
	1;0
	2;0
	12
	13;7;0
@144
	14;0;0
	8;0
	28;450.0f;200.0f
	17;この異変、これ以上お前が
	17;手を出すと事態は悪化する
@148
	11;-1
@152
	14;5;0
	8;0
	28;450.0f;200.0f
	17;だから眠って貰った
@156
	11;-1
@160
	13;7;0
	7;0
	28;160.0f;220.0f
	17;な、え？
	17;眠ってた？
@164
	11;-1
@168
	13;6;0
	7;0
	28;160.0f;220.0f
	17;お前は一体……
@172
	11;-1
@176
	14;0;0
	8;0
	28;450.0f;200.0f
	20;0
	17;|69,10,にっぱく　ざんむ
	17;我が名は日白　残無
@180
	11;-1
@184
	14;5;0
	8;0
	28;450.0f;200.0f
	17;地上の混乱を平定させる者だ
@188
	11;-1
@192
	14;0;0
	8;0
	28;450.0f;200.0f
	17;お前の自分勝手な行動は
	17;儂の邪魔になるだろう
@196
	11;-1
@200
	13;3;0
	7;0
	28;160.0f;220.0f
	17;何を言ってるんだ？
@204
	11;-1
@208
	13;3;0
	7;0
	28;160.0f;220.0f
	17;私は地上の侵略を企む畜生達を
	17;倒していただけだ
@212
	11;-1
@216
	13;5;0
	7;0
	28;160.0f;220.0f
	17;さてはお前も勁牙組の仲間だな？
@220
	11;-1
@224
	13;1;0
	7;0
	28;160.0f;220.0f
	29;1
	17;霊夢に任しておれん
	17;その野望、ぶっ潰してやる！
@228
	11;-1
@232
	14;2;0
	8;0
	28;450.0f;200.0f
	29;0
	19;19
	17;ふふっ
@236
	11;-1
@240
	14;6;0
	8;0
	28;450.0f;200.0f
	17;儂をあんな畜生どもと一緒にするとは
	17;お前は見る目が無いのう
@244
	11;-1
@248
	14;5;0
	8;0
	28;450.0f;200.0f
	17;さすが、あんなちんけな宝玉ごときに
	17;目が眩んで気を失うだけはある
@252
	11;-1
@256
	14;5;0
	8;0
	28;450.0f;200.0f
	17;ま、それは私の罠の一つだがな
@260
	11;-1
@264
	13;7;0
	7;0
	28;160.0f;220.0f
	17;なっ
@268
	11;-1
@272
	14;1;0
	8;0
	28;450.0f;200.0f
	17;戦いでは予定通りの結果になるなよ
@276
	11;-1
@280
	14;1;0
	8;0
	28;450.0f;200.0f
	29;1
	17;全力で空想を越えよ！
@284
	11;-1
	54
	4;0
	5;0
	6
	10;0
@314
	52
	0
@0
	0
entry 19 (255, 18, 0, 1)
@0
	10;0
@120
	10;0
@180
	21
@300
	22
	0
@0
	0
entry 20 (255, 18, 0, 2)
@0
	10;0
	1;0
	2;0
	44;160.0f;220.0f
	45;450.0f;200.0f
	46;5;0
	47;18;0
@4
	46;0;0
	42;0
@34
	10;1
	29;0
	17;世界は予定通りに進んでしまう
@38
	11;-1
@42
	46;6;0
	42;0
	17;残念じゃ
@46
	11;-1
	4;0
	5;0
	6
	10;0
@76
	0
@0
	0
