header(0, 335544576, 67108872, 1006633472, 469763072, 1073758208, 872677376, 0, 0, 0, 0, 0, 0, 0, 0, 0, 0, 0, 0, 0)
entry 0 (16, 19, 0, 0)
@0
	10;0
	1;0
	2;0
	44;160.0f;220.0f
	45;460.0f;220.0f
	46;1;0
	47;18;0
@4
	46;1;0
	42;0
@34
	10;1
	29;0
	17;やるぞー
@38
	11;-1
@42
	47;1;0
	43;0
	17;やるぞー
@46
	11;-1
	4;0
	5;0
	6
	10;0
@76
	52
	0
@0
	0
entry 1 (16, 19, 0, 1)
@0
	10;0
	1;0
	2;0
	44;160.0f;220.0f
	45;460.0f;220.0f
	46;1;0
	47;18;0
@4
	46;1;0
	42;0
@34
	10;1
	29;0
	17;|136,16,おこ
	17;私に勝とうなんて烏滸がましいわ！
@38
	11;-1
	4;0
	5;0
	6
	10;0
@68
	0
@0
	0
entry 2 (16, 19, 0, 2)
@0
	10;0
	1;0
	2;0
	44;160.0f;220.0f
	45;460.0f;220.0f
	46;5;0
	47;18;0
@4
	47;18;0
	43;0
@34
	10;1
	29;0
	17;くやしー
@38
	11;-1
	4;0
	5;0
	6
	10;0
@68
	0
@0
	0
entry 3 (255, 8, 0, 0)
@0
	10;0
	44;160.0f;220.0f
	45;460.0f;220.0f
	19;22
	1;0
	29;0
@4
	13;3;0
	7;0
	28;160.0f;220.0f
	17;あったま来ちゃうわー
@8
	11;-1
@12
	13;6;0
	7;0
	28;160.0f;220.0f
	17;地上に溢れ始めた霊の正体を
	17;調べろって言われてもさ
@16
	11;-1
@20
	13;4;0
	7;0
	28;160.0f;220.0f
	17;どこから何に手を付ければいいんだか
@24
	11;-1
	4;0
	10;0
	55
	18
	18
@124
	10;0
	28;160.0f;180.0f
	17;おーい、早苗ちゃーん
@144
	10;1
@148
	11;-1
	1;0
	2;0
	12
	13;7;0
@152
	14;0;0
	8;0
	28;460.0f;220.0f
	20;0
	17;ちょいと神社を貸してくれないかな
@156
	11;-1
@160
	13;6;0
	7;0
	28;160.0f;220.0f
	17;え、えーっと
	17;何で？
@164
	11;-1
@168
	14;5;0
	8;0
	28;460.0f;220.0f
	17;山の妖獣達の拠点にしたいの
	17;早苗ちゃんなら、許してくれるよねぇ
@172
	11;-1
@176
	13;3;0
	7;0
	28;160.0f;220.0f
	17;馬鹿言うな！
	17;なんじゃそれ
@180
	11;-1
	19;1
	54
	4;0
	5;0
	6
	10;0
@210
	52
	0
@0
	0
entry 4 (255, 8, 0, 1)
@0
	10;0
	1;0
	2;0
	44;160.0f;220.0f
	45;460.0f;220.0f
	46;5;0
	47;18;0
@4
	47;18;0
	43;0
@34
	10;1
	29;0
	17;とは言っても、一刻を争うのよ
@38
	11;-1
@42
	47;18;0
	43;0
	17;このままでは変な妖獣たちに
	17;乗っ取られちゃう
@46
	11;-1
@50
	46;0;0
	42;0
	17;今から私も調査に行くところよ
@54
	11;-1
@58
	46;4;0
	42;0
	17;神社は貸せないけど
@62
	11;-1
	4;0
	5;0
	6
	10;0
@92
	0
@0
	0
entry 5 (255, 8, 0, 2)
@0
	10;0
	1;0
	2;0
	44;160.0f;220.0f
	45;460.0f;220.0f
	46;5;0
	47;18;0
@4
	46;1;0
	42;0
@34
	10;1
	29;0
	17;じゃ、遠慮無く
@38
	11;-1
	4;0
	5;0
	6
	10;0
@68
	0
@0
	0
entry 6 (255, 3, 0, 0)
@0
	10;0
	44;160.0f;220.0f
	45;460.0f;220.0f
	19;22
	1;0
	29;0
@4
	13;0;0
	7;0
	28;160.0f;220.0f
	17;幽霊の他に、余り見たことのない
	17;動物霊もいるわね
@8
	11;-1
@12
	13;6;0
	7;0
	28;160.0f;220.0f
	17;それに、典ちゃんも言ってたけど
	17;妖獣たちの様子がおかしい
@16
	11;-1
@20
	13;7;0
	7;0
	28;160.0f;220.0f
	17;なにか、マタタビのような物でも
	17;ばらまかれているのかな？
@24
	11;-1
	4;0
	10;0
	55
	18
	18
@124
	10;0
	28;160.0f;180.0f
	17;おや、貴方も調査に？
@144
	10;1
@148
	11;-1
	1;0
	2;0
	12
	13;7;0
@152
	14;5;0
	8;0
	28;460.0f;220.0f
	20;0
	17;守矢神社は静観するのかと思ってたわ
@156
	11;-1
@160
	13;5;0
	7;0
	28;160.0f;220.0f
	17;変な妖獣がしょっちゅう出るんで
	17;仕方がなくね
@164
	11;-1
@168
	13;0;0
	7;0
	28;160.0f;220.0f
	17;というか、妖獣の貴方も調査に？
@172
	11;-1
@176
	14;5;0
	8;0
	28;460.0f;220.0f
	17;まあね、調査というか、ね
@180
	11;-1
@184
	13;7;0
	7;0
	28;160.0f;220.0f
	17;あ、そうだった
@188
	11;-1
@192
	13;4;0
	7;0
	28;160.0f;220.0f
	17;妖獣は全て敵だと思ってかかれって
	17;神奈子様に言われてたんだ
@196
	11;-1
@200
	14;1;0
	8;0
	28;460.0f;220.0f
	17;ふふふ、良い心がけね
	17;早死にできるわよ
@204
	11;-1
	19;1
	54
	4;0
	5;0
	6
	10;0
@234
	52
	0
@0
	0
entry 7 (255, 3, 0, 1)
@0
	10;0
	1;0
	2;0
	44;160.0f;220.0f
	45;460.0f;220.0f
	46;5;0
	47;18;0
@4
	46;6;0
	42;0
@34
	10;1
	29;0
	17;こうやって妖獣を一つ一つ
	17;片付けていくしかなさそうねぇ
@38
	11;-1
	4;0
	5;0
	6
	10;0
@68
	0
@0
	0
entry 8 (255, 3, 0, 2)
@0
	10;0
	1;0
	2;0
	44;160.0f;220.0f
	45;460.0f;220.0f
	46;5;0
	47;18;0
@4
	46;0;0
	42;0
@34
	10;1
	29;0
	17;正直、守矢神社も信用ならないわ
@38
	11;-1
	4;0
	5;0
	6
	10;0
@68
	0
@0
	0
entry 9 (255, 9, 0, 0)
@0
	10;0
	44;160.0f;220.0f
	45;460.0f;220.0f
	19;22
	1;0
	29;0
@4
	13;2;0
	7;0
	28;160.0f;220.0f
	17;妖獣っ、妖獣っ
@8
	11;-1
@12
	13;0;0
	7;0
	28;160.0f;220.0f
	17;どっかに妖獣いないかなー
@16
	11;-1
@20
	13;4;0
	7;0
	28;160.0f;220.0f
	17;すぐに出てきてくれれば
	17;調査は楽なんだけどねー
@24
	11;-1
	4;0
	10;0
	55
	18
	18
@124
	10;0
	28;160.0f;180.0f
	17;なんじゃ、ご機嫌じゃのう
@144
	10;1
@148
	11;-1
	1;0
	2;0
	12
	13;7;0
@152
	14;5;0
	8;0
	28;460.0f;220.0f
	20;0
	17;辺りは不穏な動物霊で
	17;いっぱいじゃというのに
@156
	11;-1
@160
	13;5;0
	7;0
	28;160.0f;220.0f
	17;尻尾の大きい妖獣みっけ！
@164
	11;-1
@168
	14;7;0
	8;0
	28;460.0f;220.0f
	17;よ、妖獣とな！？
@172
	11;-1
@176
	14;3;0
	8;0
	28;460.0f;220.0f
	17;失敬な
	17;儂を獣扱いするんじゃないぞ
@180
	11;-1
@184
	13;7;0
	7;0
	28;160.0f;220.0f
	17;え？
@188
	11;-1
@192
	14;0;0
	8;0
	28;460.0f;220.0f
	17;え？
@196
	11;-1
@200
	13;6;0
	7;0
	28;160.0f;220.0f
	17;……えー？
@204
	11;-1
	19;2
	54
	4;0
	5;0
	6
	10;0
@234
	52
	0
@0
	0
entry 10 (255, 9, 0, 1)
@0
	10;0
	1;0
	2;0
	44;160.0f;220.0f
	45;460.0f;220.0f
	46;5;0
	47;18;0
@4
	47;18;0
	43;0
@34
	10;1
	29;0
	17;お前さんは何故妖獣を
	17;倒してまわってるんじゃ？
@38
	11;-1
@42
	46;6;0
	42;0
	17;えーっと、何でだっけ？
@46
	11;-1
@50
	46;0;0
	42;0
	17;あ、そうそう、世間で幽霊達が
	17;不穏な動きしているから調査してるんです
@54
	11;-1
@58
	46;0;0
	42;0
	17;調べたら幽霊だけじゃ無くて、動物霊や
	17;妖獣までもが不穏な動きをしていて
@62
	11;-1
@66
	46;2;0
	42;0
	17;手っ取り早く妖獣を倒そうと
	17;決めたんですよ
@70
	11;-1
@74
	47;10;0
	43;0
	17;なるほどそうか
@78
	11;-1
@82
	47;15;0
	43;0
	17;つまりは殆ど調査は進んでいない
	17;という事じゃな
@86
	11;-1
@90
	46;0;0
	42;0
	17;へ？
@94
	11;-1
@98
	47;15;0
	43;0
	17;いいか、この異変は決して一匹二匹の
	17;妖獣が仕掛けたものではないぞ
@102
	11;-1
@106
	47;15;0
	43;0
	17;そうじゃ、良いことを教えてやろう
@110
	11;-1
@114
	47;15;0
	43;0
	17;お前さんがこのまま手ぶらで帰って
	17;怒られるのも不憫だからのう……
@118
	11;-1
	4;0
	5;0
	6
	10;0
@148
	0
@0
	0
entry 11 (255, 9, 0, 2)
@0
	10;0
	1;0
	2;0
	44;160.0f;220.0f
	45;460.0f;220.0f
	46;5;0
	47;18;0
@4
	46;4;0
	42;0
@34
	10;1
	29;0
	17;相変わらず、頼りないのう
@38
	11;-1
	4;0
	5;0
	6
	10;0
@68
	0
@0
	0
entry 12 (255, 10, 0, 0)
@0
	10;0
	44;160.0f;220.0f
	45;500.0f;220.0f
	19;22
	1;0
	29;0
@4
	13;0;0
	7;0
	28;160.0f;220.0f
	17;ええーっと……
@8
	11;-1
@12
	13;6;0
	7;0
	28;160.0f;220.0f
	17;マミゾウさんに言われるがままに
	17;来ちゃったけど、ここってもしかして……
@16
	11;-1
@20
	13;4;0
	7;0
	28;160.0f;220.0f
	17;地獄？
@24
	11;-1
@28
	13;8;0
	7;0
	28;160.0f;220.0f
	17;いやー、騙されたかも知れないわー
	17;あのバカ狸にー！
@32
	11;-1
	4;0
	10;0
	55
	18
	18
@132
	10;0
	28;160.0f;180.0f
	17;お前は、誰だ？
@152
	10;1
@156
	11;-1
	1;0
	2;0
	12
	13;7;0
@160
	14;7;0
	8;0
	28;500.0f;220.0f
	17;ああ、山の神社の巫女じゃないですか
@164
	11;-1
@168
	13;0;0
	7;0
	28;160.0f;220.0f
	17;ええっと、どなたでしたっけ？
@172
	11;-1
@176
	14;0;0
	8;0
	28;500.0f;220.0f
	20;0
	17;鬼傑組組長　吉弔八千慧
@180
	11;-1
@184
	14;6;0
	8;0
	28;500.0f;220.0f
	17;覚えて貰えてもらえてないとは残念です
@188
	11;-1
@192
	14;0;0
	8;0
	28;500.0f;220.0f
	17;ところで……
@196
	11;-1
@200
	14;5;0
	8;0
	28;500.0f;220.0f
	17;何故地獄に堕ちたんです？
@204
	11;-1
@208
	13;6;0
	7;0
	28;160.0f;220.0f
	17;いやその、狸ヤローにさー
@212
	11;-1
@216
	13;6;0
	7;0
	28;160.0f;220.0f
	17;ここに地上侵略を企てている
	17;妖獣がいるって唆されて……
@220
	11;-1
@224
	13;7;0
	7;0
	28;160.0f;220.0f
	17;……ハッ！？
	17;もしかして？
@228
	11;-1
@232
	14;2;0
	8;0
	28;500.0f;220.0f
	19;11
	17;ふっ、侵略を企てているなんて
	17;そんなそんな……
@236
	11;-1
@240
	14;0;0
	8;0
	28;500.0f;220.0f
	17;もう、ほぼ完了していますよ
	17;まもなく地上は鬼傑組の物になります
@244
	11;-1
@248
	14;1;0
	8;0
	28;500.0f;220.0f
	17;その時には、覚えてくださいね
	17;支配者の、この顔を！
@252
	11;-1
	54
	4;0
	5;0
	6
	10;0
@282
	52
	0
@0
	0
entry 13 (255, 10, 0, 1)
@0
	10;0
	1;0
	2;0
	44;160.0f;220.0f
	45;500.0f;220.0f
	46;5;0
	47;18;0
@4
	46;7;0
	42;0
@34
	10;1
	29;0
	17;侵略が完了しているですって？
@38
	11;-1
@42
	47;10;0
	43;0
	17;そう、我々は地上で最強の味方を
	17;手に入れたのです
@46
	11;-1
@50
	47;10;0
	43;0
	17;我々畜生界の霊達の弱点は
	17;言わずもがな肉体を持っていない事
@54
	11;-1
@58
	47;16;0
	43;0
	17;それが、地上での活動を困難にしている
	17;原因の一つです
@62
	11;-1
@66
	47;15;0
	43;0
	17;それ故に、地上での味方を作ることが
	17;勢力を広めるためには必須なのです
@70
	11;-1
@74
	46;0;0
	42;0
	17;その、鬼傑組の地上の味方って
	17;何処にいるの？
@78
	11;-1
@82
	47;10;0
	43;0
	17;ふっふっふ、それを聞いてどうするのでしょう
@86
	11;-1
@90
	46;3;0
	42;0
	17;そいつがどんだけ馬鹿な面を
	17;しているか見に行ってやるわ
@94
	11;-1
@98
	47;15;0
	43;0
	17;隠すつもりはありません
	17;貴方に負ける程度ならそれまでですしね
@102
	11;-1
@106
	47;12;0
	43;0
	17;その味方は聖域の森にいますよ
	17;挨拶してみては？
@110
	11;-1
	4;0
	5;0
	6
	10;0
@140
	0
@0
	0
entry 14 (255, 10, 0, 2)
@0
	10;0
	1;0
	2;0
	44;160.0f;220.0f
	45;500.0f;220.0f
	46;5;0
	47;18;0
@4
	46;3;0
	42;0
@34
	10;1
	29;0
	17;これでもう忘れないでしょう
	17;支配者が誰なのかを
@38
	11;-1
	4;0
	5;0
	6
	10;0
@68
	0
@0
	0
entry 15 (255, 14, 0, 0)
@0
	10;0
	44;160.0f;220.0f
	45;460.0f;220.0f
	19;23
	1;0
	29;0
@4
	13;0;0
	7;0
	28;160.0f;220.0f
	17;聖域の森ってこの辺のことだっけ？
@8
	11;-1
@12
	13;6;0
	7;0
	28;160.0f;220.0f
	17;排他的な奴しかいないから
	17;普段は立ち入らないように言われてるんだけど……
@16
	11;-1
@20
	13;8;0
	7;0
	28;160.0f;220.0f
	17;どうしよう、包丁持った
	17;ヤマンバみたいな奴が出てきたら
@24
	11;-1
	4;0
	10;0
	55
	18
	18
@124
	10;0
	28;160.0f;180.0f
	17;これはこれは
@144
	10;1
@148
	11;-1
	1;0
	2;0
	12
	13;7;0
@152
	14;0;0
	8;0
	28;460.0f;220.0f
	17;守矢神社のお嬢ちゃんじゃない
@156
	11;-1
@160
	14;5;0
	8;0
	28;460.0f;220.0f
	17;今日はどうしたの？
@164
	11;-1
@168
	13;6;0
	7;0
	28;160.0f;220.0f
	17;どうしよう私、また知らない人だわ
@172
	11;-1
@176
	14;4;0
	8;0
	28;460.0f;220.0f
	17;おっと失礼
	17;よく考えたら初対面でしたね
@180
	11;-1
@184
	14;5;0
	8;0
	28;460.0f;220.0f
	13;7;0
	20;0
	17;|180,9,そんびてん
	17;私は鬼傑組の遊撃隊員　孫美天
@188
	11;-1
@192
	14;1;0
	8;0
	28;460.0f;220.0f
	17;幻想郷の斉天大聖とは私の事だ！
	17;よく覚えときなー
@196
	11;-1
@200
	13;7;0
	7;0
	28;160.0f;220.0f
	17;ああ、なんてこと……
	17;マミゾウさんが言っていたことは本当だった
@204
	11;-1
@208
	13;6;0
	7;0
	28;160.0f;220.0f
	17;すでに地上の侵略が始まっていると……
@212
	11;-1
@216
	13;5;0
	7;0
	28;160.0f;220.0f
	17;ふっふっふ
@220
	11;-1
@224
	13;2;0
	7;0
	28;160.0f;220.0f
	17;これは大きな手土産になるわ！
	17;貴方を倒して、そして
@228
	11;-1
@232
	13;1;0
	7;0
	28;160.0f;220.0f
	17;世界を救う！
@236
	11;-1
@240
	14;0;0
	8;0
	28;460.0f;220.0f
	19;15
	17;出来るかな？
@244
	11;-1
@248
	14;2;0
	8;0
	28;460.0f;220.0f
	17;我々、猿の仲間でもずっと噂になってたよ
@252
	11;-1
@256
	14;1;0
	8;0
	28;460.0f;220.0f
	17;「あの新しい神社の巫女は、
	17;　一人で何も出来ない猿以下のポンコツだ」とね
@260
	11;-1
@264
	14;1;0
	8;0
	28;460.0f;220.0f
	17;さあさあ、かかってこい！
	17;手加減の仕方は勉強中だけどな！
@268
	11;-1
	54
	4;0
	5;0
	6
	10;0
@298
	52
	0
@0
	0
entry 16 (255, 14, 0, 1)
@0
	10;0
	1;0
	2;0
	44;160.0f;220.0f
	45;460.0f;220.0f
	46;5;0
	47;18;0
@4
	47;14;0
	43;0
@34
	10;1
	29;0
	17;お見事！
@38
	11;-1
@42
	47;10;0
	43;0
	17;噂は当てにならないねぇ
@46
	11;-1
@50
	47;11;0
	43;0
	17;楽しかったよ！
	17;もう一戦しようよ
@54
	11;-1
@58
	46;4;0
	42;0
	17;遠慮します
@62
	11;-1
@66
	46;0;0
	42;0
	17;ところでねえ、どうして地上の妖獣が
	17;畜生界に手を貸そうとしているの？
@70
	11;-1
@74
	47;10;0
	43;0
	17;それはねぇ……
@78
	11;-1
@82
	47;16;0
	43;0
	17;私が地獄に堕ちずに済んだのは
	17;八千慧様のお陰だから
@86
	11;-1
@90
	47;14;0
	43;0
	17;恩返しのようなもんよ
@94
	11;-1
@98
	46;4;0
	42;0
	17;地獄……？
@102
	11;-1
@106
	47;10;0
	43;0
	17;もっとその話を聞きたい？
@110
	11;-1
@114
	46;6;0
	42;0
	17;え、ええ……
@118
	11;-1
@122
	47;15;0
	43;0
	17;だったらもっと近くに寄って
@126
	11;-1
@130
	46;6;0
	42;0
	17;は、はい
@134
	11;-1
@138
	47;12;0
	43;0
	56
	17;目を閉じて……
@142
	11;60
	51;0
@146
	46;6;0
	42;0
	17;は、はい……
@266
	10;1
@270
	11;-1
	4;0
	5;0
	6
	10;0
@300
	0
@0
	0
entry 17 (255, 14, 0, 2)
@0
	10;0
	1;0
	2;0
	44;160.0f;220.0f
	45;460.0f;220.0f
	46;5;0
	47;18;0
@4
	46;6;0
	42;0
@34
	10;1
	29;0
	17;噂通り、何にも出来ないんだねぇ
@38
	11;-1
	4;0
	5;0
	6
	10;0
@68
	0
@0
	0
entry 18 (255, 18, 0, 0)
@0
	10;0
	44;160.0f;220.0f
	45;450.0f;200.0f
	19;23
	1;0
	29;0
@4
	13;6;0
	7;0
	28;160.0f;220.0f
	17;……あ、あれ？
@8
	11;-1
@12
	13;6;0
	7;0
	28;160.0f;220.0f
	17;猿の妖怪に目を閉じるように言われて
	17;それから何があったんだっけ？
@16
	11;-1
	4;0
	10;0
	55
	18
	18
@116
	10;0
	28;160.0f;180.0f
	17;目が覚めたか
@136
	10;1
@140
	11;-1
	1;0
	2;0
	12
	13;7;0
@144
	14;0;0
	8;0
	28;450.0f;200.0f
	17;この異変、解決の邪魔が入ると
	17;発動する罠を仕掛けてある
@148
	11;-1
@152
	14;5;0
	8;0
	28;450.0f;200.0f
	17;お前はそれに引っかかった
@156
	11;-1
@160
	13;7;0
	7;0
	28;160.0f;220.0f
	17;え？　罠？
@164
	11;-1
@168
	13;6;0
	7;0
	28;160.0f;220.0f
	17;貴方は誰？
@172
	11;-1
@176
	14;0;0
	8;0
	28;450.0f;200.0f
	20;0
	17;|69,10,にっぱく　ざんむ
	17;我が名は日白　残無
@180
	11;-1
@184
	14;5;0
	8;0
	28;450.0f;200.0f
	17;地上の混乱を平定させる者だ
@188
	11;-1
@192
	14;0;0
	8;0
	28;450.0f;200.0f
	17;お前の自分勝手な行動は
	17;儂の邪魔になるだろう
@196
	11;-1
@200
	13;3;0
	7;0
	28;160.0f;220.0f
	17;鬼傑組の野望を阻止しようとしたのよ
@204
	11;-1
@208
	13;3;0
	7;0
	28;160.0f;220.0f
	17;どこに自分勝手な要素があるのよ
@212
	11;-1
@216
	14;2;0
	8;0
	28;450.0f;200.0f
	29;0
	19;19
	17;はっ
@220
	11;-1
@224
	14;0;0
	8;0
	28;450.0f;200.0f
	17;鬼傑組の野望を阻止する行動は
	17;お前が勝手に決めたことだ
@228
	11;-1
@232
	14;6;0
	8;0
	28;450.0f;200.0f
	17;つまり、それは自分勝手って事だろ？
@236
	11;-1
@240
	13;6;0
	7;0
	28;160.0f;220.0f
	17;ん？
	17;そう、なのかな？
@244
	11;-1
@248
	14;2;0
	8;0
	28;450.0f;200.0f
	17;地上の異変はすでに儂が解決済みだ
	17;人間のお前に出来る事は何も無い
@252
	11;-1
@256
	14;1;0
	8;0
	28;450.0f;200.0f
	29;1
	17;選ぶがいい
	17;全てを忘れるか、無に帰すかを！
@260
	11;-1
	54
	4;0
	5;0
	6
	10;0
@290
	52
	0
@0
	0
entry 19 (255, 18, 0, 1)
@0
	10;0
@120
	10;0
@180
	21
@300
	22
	0
@0
	0
entry 20 (255, 18, 0, 2)
@0
	10;0
	1;0
	2;0
	44;160.0f;220.0f
	45;450.0f;200.0f
	46;5;0
	47;18;0
@4
	46;4;0
	42;0
@34
	10;1
	29;0
	17;無に帰す方を選ぶのか……
@38
	11;-1
@42
	46;1;0
	42;0
	17;それもまたよし、か
@46
	11;-1
	4;0
	5;0
	6
	10;0
@76
	0
@0
	0
