header(0, 67108868, 335544576, 603979904, 738205696, 939589632, 536875008, 0, 0, 0, 0, 0, 0, 0, 0, 0, 0, 0, 0, 0)
entry 0 (16, 19, 0, 0)
@0
	10;0
	1;0
	2;0
	44;160.0f;220.0f
	45;460.0f;220.0f
	46;1;0
	47;18;0
@4
	46;1;0
	42;0
@34
	10;1
	29;0
	4;0
	5;0
	6
	10;0
@64
	52
	0
@0
	0
entry 1 (16, 19, 0, 1)
@0
	10;0
	1;0
	2;0
	44;160.0f;220.0f
	45;460.0f;220.0f
	46;1;0
	47;18;0
@4
	46;1;0
	42;0
@34
	10;1
	29;0
	17;|136,16,おこ
	17;私に勝とうなんて烏滸がましいわ！
@38
	11;-1
	4;0
	5;0
	6
	10;0
@68
	0
@0
	0
entry 2 (16, 19, 0, 2)
@0
	10;0
	1;0
	2;0
	44;160.0f;220.0f
	45;460.0f;220.0f
	46;5;0
	47;18;0
@4
	47;18;0
	43;0
@34
	10;1
	29;0
	17;くやしー
@38
	11;-1
	4;0
	5;0
	6
	10;0
@68
	0
@0
	0
entry 3 (255, 2, 0, 0)
@0
	10;0
	44;160.0f;220.0f
	45;460.0f;220.0f
	19;22
	1;0
	29;0
@4
	13;6;0
	7;0
	28;160.0f;220.0f
	17;紫様の言うとおり
	17;幽霊の反応は異常ですね
@8
	11;-1
@12
	13;0;0
	7;0
	28;160.0f;220.0f
	17;これが大地が解放された事に
	17;起因するのならば
@16
	11;-1
@20
	13;5;0
	7;0
	28;160.0f;220.0f
	17;むしろ喜ばしいことかと
@24
	11;-1
@28
	13;2;0
	7;0
	28;160.0f;220.0f
	17;そう報告しましょう
@32
	11;-1
	4;0
	10;0
	55
	18
	18
@132
	10;0
	28;160.0f;180.0f
	17;あ、妖獣だ
@152
	10;1
@156
	11;-1
	1;0
	2;0
	12
	13;7;0
@160
	14;0;0
	8;0
	28;460.0f;220.0f
	20;0
	17;妖獣が何で里に？
@164
	11;-1
@168
	13;7;0
	7;0
	28;160.0f;220.0f
	17;おや、貴方も調査に？
	17;守矢神社は静観するのかと思ってたわ
@172
	11;-1
@176
	14;5;0
	8;0
	28;460.0f;220.0f
	17;変な妖獣がしょっちゅう出るんで
	17;仕方がなくね
@180
	11;-1
@184
	14;0;0
	8;0
	28;460.0f;220.0f
	17;というか、妖獣の貴方も調査に？
@188
	11;-1
@192
	13;5;0
	7;0
	28;160.0f;220.0f
	17;まあね、調査というか、ね
@196
	11;-1
@200
	14;7;0
	8;0
	28;460.0f;220.0f
	17;あ、そうだった
@204
	11;-1
@208
	14;4;0
	8;0
	28;460.0f;220.0f
	17;妖獣は全て敵だと思ってかかれって
	17;神奈子様に言われてたんだ
@212
	11;-1
@216
	13;1;0
	7;0
	28;160.0f;220.0f
	17;ふふふ、良い心がけね
	17;早死にできるわよ
@220
	11;-1
	19;1
	54
	4;0
	5;0
	6
	10;0
@250
	52
	0
@0
	0
entry 4 (255, 2, 0, 1)
@0
	10;0
	1;0
	2;0
	44;160.0f;220.0f
	45;460.0f;220.0f
	46;5;0
	47;18;0
@4
	46;4;0
	42;0
@34
	10;1
	29;0
	17;妖獣……
	17;言われてみれば動物霊の量が異常ね
@38
	11;-1
@42
	46;0;0
	42;0
	17;守矢神社に妖獣が現れる、だって？
	17;ちょっと行ってみますか
@46
	11;-1
	4;0
	5;0
	6
	10;0
@76
	0
@0
	0
entry 5 (255, 2, 0, 2)
@0
	10;0
	1;0
	2;0
	44;160.0f;220.0f
	45;460.0f;220.0f
	46;5;0
	47;18;0
@4
	46;1;0
	42;0
@34
	10;1
	29;0
	17;こうやって妖獣を一つ一つ
	17;片付けていくしかなさそうねぇ
@38
	11;-1
	4;0
	5;0
	6
	10;0
@68
	0
@0
	0
entry 6 (255, 8, 0, 0)
@0
	10;0
	44;160.0f;220.0f
	45;460.0f;220.0f
	19;22
	1;0
	29;0
@4
	13;0;0
	7;0
	28;160.0f;220.0f
	17;幻想郷全域で幽霊の量に
	17;大きな差は無いね
@8
	11;-1
@12
	13;0;0
	7;0
	28;160.0f;220.0f
	17;これはつまり、誰かが得をするために
	17;起きている異変ではなく
@16
	11;-1
@20
	13;4;0
	7;0
	28;160.0f;220.0f
	17;自然現象ってことで片付けたい所ですが……
@24
	11;-1
	4;0
	10;0
	55
	18
	18
@124
	10;0
	28;160.0f;180.0f
	17;おやおや
@144
	10;1
@148
	11;-1
	1;0
	2;0
	12
	13;7;0
@152
	14;0;0
	8;0
	28;460.0f;220.0f
	20;0
	17;尻尾の隠せない狐さんじゃないですか
@156
	11;-1
@160
	13;7;0
	7;0
	28;160.0f;220.0f
	17;ん？
	17;|51,6,げせんなきつね？
	17;お前は管狐？
@164
	11;-1
@168
	13;6;0
	7;0
	28;160.0f;220.0f
	17;何で守矢神社に？
@172
	11;-1
@176
	14;5;0
	8;0
	28;460.0f;220.0f
	17;早苗ちゃんが忙しいってから
	17;留守を預かってるのよ
@180
	11;-1
@184
	13;6;0
	7;0
	28;160.0f;220.0f
	17;留守を預かる……？　早苗の口ぶりだと
	17;そんなふうには見えなかったけど
@188
	11;-1
@192
	13;4;0
	7;0
	28;160.0f;220.0f
	17;ま、管狐の言う事なんて
	17;余り信用しない方が良いか
@196
	11;-1
@200
	14;5;0
	8;0
	28;460.0f;220.0f
	17;あら心外だわ
	17;早苗ちゃんにがこう頼まれてるのに
@204
	11;-1
@208
	14;1;0
	8;0
	28;460.0f;220.0f
	17;怪しい奴が来たら追い返せってね
@212
	11;-1
	19;1
	54
	4;0
	5;0
	6
	10;0
@242
	52
	0
@0
	0
entry 7 (255, 8, 0, 1)
@0
	10;0
	1;0
	2;0
	44;160.0f;220.0f
	45;460.0f;220.0f
	46;5;0
	47;18;0
@4
	47;18;0
	43;0
@34
	10;1
	29;0
	17;ふにゅー
@38
	11;-1
@42
	46;5;0
	42;0
	17;ふん、狐同士で化かし合っても
	17;何も面白いことは無いね
@46
	11;-1
@50
	46;0;0
	42;0
	17;|101,10,あなた
	17;情報通で賢い管狐に意見を聞きたいわ
@54
	11;-1
@58
	46;5;0
	42;0
	17;この異変を影から利用するとして
	17;貴方だったら、何処に潜む？
@62
	11;-1
@66
	47;14;0
	43;0
	17;あら、私が本当のことを言うと思うの？
@70
	11;-1
@74
	46;0;0
	42;0
	17;さあ、どうかしら？
@78
	11;-1
@82
	46;1;0
	42;0
	17;本当でも嘘でもどうでも良いの
	17;でも、情報を引き出すことに価値があると思わない？
@86
	11;-1
@90
	47;15;0
	43;0
	17;ふふふ、やっぱり貴方も狐ねぇ
@94
	11;-1
	4;0
	5;0
	6
	10;0
@124
	0
@0
	0
entry 8 (255, 8, 0, 2)
@0
	10;0
	1;0
	2;0
	44;160.0f;220.0f
	45;460.0f;220.0f
	46;5;0
	47;18;0
@4
	46;5;0
	42;0
@34
	10;1
	29;0
	17;貴方を見て確信したわ
	17;幻想郷にいては利すれない
@38
	11;-1
	4;0
	5;0
	6
	10;0
@68
	0
@0
	0
entry 9 (255, 7, 0, 0)
@0
	10;0
	44;160.0f;220.0f
	45;460.0f;220.0f
	19;22
	1;0
	29;0
@4
	13;0;0
	7;0
	28;160.0f;220.0f
	17;そっかー、そりゃ地底に隠れたら
	17;大地に対して好きなことやりたい放題よね
@8
	11;-1
@12
	13;2;0
	7;0
	28;160.0f;220.0f
	17;それに、当たり、のようね
	17;地底にも似たような動物霊がいるわ
@16
	11;-1
@20
	13;6;0
	7;0
	28;160.0f;220.0f
	17;さすが管狐ね
	17;犯罪者の心理をよく掴んでいる
@24
	11;-1
	4;0
	10;0
	55
	18
	18
@124
	10;0
	28;160.0f;180.0f
	17;わっ！　ビックリした
@144
	10;1
@148
	11;-1
	1;0
	2;0
	12
	13;7;0
@152
	14;5;0
	8;0
	28;460.0f;220.0f
	20;0
	17;見慣れない奴がいると思ったら
	17;まさかの九尾の狐だなんて
@156
	11;-1
@160
	13;7;0
	7;0
	28;160.0f;220.0f
	17;何だ、お燐か
@164
	11;-1
@168
	13;0;0
	7;0
	28;160.0f;220.0f
	17;よく、うちの橙と遊んでくれているようで
	17;その節はどうも
@172
	11;-1
@176
	14;0;0
	8;0
	28;460.0f;220.0f
	17;あ、どうも
@180
	11;-1
@184
	13;4;0
	7;0
	28;160.0f;220.0f
	17;お陰であの可愛かった橙が
	17;死体を見つけて嬉々とするようになったわ
@188
	11;-1
@192
	14;2;0
	8;0
	28;460.0f;220.0f
	17;にゃははー
	17;教育した甲斐があったわー
@196
	11;-1
@200
	14;6;0
	8;0
	28;460.0f;220.0f
	17;ところで何の用？
@204
	11;-1
@208
	13;0;0
	7;0
	28;160.0f;220.0f
	17;地上で起きている異変について
	17;何か知ってる？
@212
	11;-1
@216
	14;7;0
	8;0
	28;460.0f;220.0f
	19;8
	17;異変、あー、あの幽霊大放出祭のこと？
@220
	11;-1
@224
	14;2;0
	8;0
	28;460.0f;220.0f
	17;最高だよね！
	17;死の匂いがそこら中からして
@228
	11;-1
@232
	14;2;0
	8;0
	28;460.0f;220.0f
	17;地上であんな粋なイベントをするなんて
	17;思ってなかったわ
@236
	11;-1
@240
	14;7;0
	8;0
	28;460.0f;220.0f
	17;主催者は誰？
	17;もしかして貴方の所のあいつ？
@244
	11;-1
@248
	13;3;0
	7;0
	28;160.0f;220.0f
	17;あ、ごめん、やっぱいいです
	17;話の通じる相手ではなかったわ
@252
	11;-1
	54
	4;0
	5;0
	6
	10;0
@282
	52
	0
@0
	0
entry 10 (255, 7, 0, 1)
@0
	10;0
	1;0
	2;0
	44;160.0f;220.0f
	45;460.0f;220.0f
	46;5;0
	47;18;0
@4
	47;12;0
	43;0
@34
	10;1
	29;0
	17;地上の幽霊大放出祭に便乗してか
	17;地底でも動物霊が増えたのよねー
@38
	11;-1
@42
	46;0;0
	42;0
	17;確かに多いわね
@46
	11;-1
@50
	47;10;0
	43;0
	17;でも、同じ霊でも出所は違うわ
@54
	11;-1
@58
	46;0;0
	42;0
	17;そうですか？
@62
	11;-1
@66
	47;10;0
	43;0
	17;地獄にいる霊は、もっともっと
	17;地の底から湧いて出てきているみたい
@70
	11;-1
@74
	47;15;0
	43;0
	17;怨霊から怨みも薄れた
	17;抜け殻のような霊……
@78
	11;-1
@82
	47;16;0
	43;0
	17;判るかなぁ、この物足りなさと虚無感を
@86
	11;-1
	4;0
	5;0
	6
	10;0
@116
	0
@0
	0
entry 11 (255, 7, 0, 2)
@0
	10;0
	1;0
	2;0
	44;160.0f;220.0f
	45;460.0f;220.0f
	46;5;0
	47;18;0
@4
	46;1;0
	42;0
@34
	10;1
	29;0
	17;地上の幽霊大放出祭に便乗してか
	17;地底でも動物霊が増えたのよねー
@38
	11;-1
	4;0
	5;0
	6
	10;0
@68
	0
@0
	0
entry 12 (255, 13, 0, 0)
@0
	10;0
	44;160.0f;220.0f
	45;460.0f;220.0f
	19;23
	1;0
	29;0
@4
	13;6;0
	7;0
	28;160.0f;220.0f
	17;地の底から、か
	17;確かに何か特異な霊気を感じるわね
@8
	11;-1
@12
	13;0;0
	7;0
	28;160.0f;220.0f
	17;ここは間欠泉センターの地下通路かな
@16
	11;-1
@20
	13;6;0
	7;0
	28;160.0f;220.0f
	17;この下に何があるんだっけ
@24
	11;-1
	4;0
	10;0
	55
	18
	18
@124
	10;0
	28;160.0f;180.0f
	17;ん？　何だお前
@144
	10;1
@148
	11;-1
	1;0
	2;0
	12
	13;7;0
@152
	14;7;0
	8;0
	28;460.0f;220.0f
	20;0
	17;紫んとこの式神じゃないか
	17;どうしてこんな所に？
@156
	11;-1
@160
	13;7;0
	7;0
	28;160.0f;220.0f
	17;あ！？
	17;萃香さんこそ何故に？
@164
	11;-1
@168
	14;0;0
	8;0
	28;460.0f;220.0f
	17;……そうか、紫も動いているのか
@172
	11;-1
@176
	14;5;0
	8;0
	28;460.0f;220.0f
	17;旧地獄に目を付けるとは聡いが……
@180
	11;-1
@184
	13;0;0
	7;0
	28;160.0f;220.0f
	17;この先に何かあるんです？
@188
	11;-1
@192
	14;0;0
	8;0
	28;460.0f;220.0f
	17;この先には呪いに呪われ尽した
	17;有機物が眠っている
@196
	11;-1
@200
	14;4;0
	8;0
	28;460.0f;220.0f
	17;異変の調査が目的なら
	17;少し遠回りかもしれないな
@204
	11;-1
@208
	14;1;0
	8;0
	28;460.0f;220.0f
	19;14
	17;それでも地の底まで行くというなら止めないぞ
@212
	11;-1
@216
	13;7;0
	7;0
	28;160.0f;220.0f
	17;あ、この感じ
	17;私が行くことになっている流れなんですね
@220
	11;-1
	54
	4;0
	5;0
	6
	10;0
@250
	52
	0
@0
	0
entry 13 (255, 13, 0, 1)
@0
	10;0
	1;0
	2;0
	44;160.0f;220.0f
	45;460.0f;220.0f
	46;6;0
	47;18;0
@4
	47;12;0
	43;0
@34
	10;1
	29;0
	17;っく、仕方が無い
@38
	11;-1
@42
	47;11;0
	43;0
	17;そんなに通りたきゃ
	17;行くが良い、地の底まで！
@46
	11;-1
@50
	46;4;0
	42;0
	17;なんか無理矢理行かされようとしてません？
	17;別に行きたくはないですけど……
@54
	11;-1
@58
	46;6;0
	42;0
	17;一体、この先に何が待ち構えているか……
@62
	11;-1
@66
	47;17;0
	43;0
	17;あ、そうだ
	17;一つだけ忠告があった
@70
	11;-1
@74
	47;15;0
	43;0
	17;罠に気を付けろよ
	17;巧妙に隠された罠に
@78
	11;-1
@82
	46;0;0
	42;0
	17;？？
@86
	11;-1
	4;0
	5;0
	6
	10;0
@116
	0
@0
	0
entry 14 (255, 13, 0, 2)
@0
	10;0
	1;0
	2;0
	44;160.0f;220.0f
	45;460.0f;220.0f
	46;5;0
	47;18;0
@4
	46;0;0
	42;0
@34
	10;1
	29;0
	17;そんなところで寝てたら
	17;燃えちゃうぞ
@38
	11;-1
	4;0
	5;0
	6
	10;0
@68
	0
@0
	0
entry 15 (255, 16, 0, 0)
@0
	10;0
	44;160.0f;220.0f
	45;460.0f;220.0f
	19;23
	1;0
	29;0
@4
	13;7;0
	7;0
	28;160.0f;220.0f
	17;うわー、予想に反して何にも無ーい
@8
	11;-1
@12
	13;6;0
	7;0
	28;160.0f;220.0f
	17;この腐った血の様な臭い
	17;ここ自体が罠だったか
@16
	11;-1
@20
	13;6;0
	7;0
	28;160.0f;220.0f
	17;こんな場所に本当に誰かいるの？
@24
	11;-1
	4;0
	10;0
	55
	18
	18
@124
	10;0
	28;160.0f;180.0f
	17;え！？　狐だと？
@144
	10;1
@148
	11;-1
	1;0
	2;0
	12
	13;7;0
@152
	14;5;0
	8;0
	28;460.0f;220.0f
	17;こんなところに来るなんて、死に飽きた動物か？
@156
	11;-1
@160
	14;0;0
	8;0
	28;460.0f;220.0f
	17;それとも饕餮のお友達か？
@164
	11;-1
@168
	13;7;0
	7;0
	28;160.0f;220.0f
	17;誰かいた……
	17;信じられない
@172
	11;-1
@176
	14;5;0
	8;0
	28;460.0f;220.0f
	20;0
	17;私は天火人ちやり。
	17;お前は？
@180
	11;-1
@184
	13;7;0
	7;0
	28;160.0f;220.0f
	17;あ、私は八雲藍
	17;ここには地上の異変の調査で……
@188
	11;-1
@192
	14;4;0
	8;0
	28;460.0f;220.0f
	19;17
	17;異変の調査？
	17;ああなんだ、饕餮のやってる奴の件か
@196
	11;-1
@200
	14;0;0
	8;0
	28;460.0f;220.0f
	17;あんな下らん領土争いには
	17;興味は無い
@204
	11;-1
@208
	14;2;0
	8;0
	28;460.0f;220.0f
	17;どうせ饕餮の一人勝ちさ
	17;下らんねぇ
@212
	11;-1
@216
	13;7;0
	7;0
	28;160.0f;220.0f
	17;何だって？
	17;異変は饕餮の仕業！？
@220
	11;-1
@224
	14;5;0
	8;0
	28;460.0f;220.0f
	17;そうかそうか、いま饕餮の奴は
	17;ここにはいないよ
@228
	11;-1
@232
	14;0;0
	8;0
	28;460.0f;220.0f
	17;饕餮を探すんなら、別の場所に行くといい
@236
	11;-1
@240
	14;1;0
	8;0
	28;460.0f;220.0f
	17;もっとも、ここから生きて返すつもりなんて
	17;サラサラないけどな！　（血だけに）
@244
	11;-1
	54
	4;0
	5;0
	6
	10;0
@274
	52
	0
@0
	0
entry 16 (255, 16, 0, 1)
@0
	10;0
	1;0
	2;0
	44;160.0f;220.0f
	45;460.0f;220.0f
	46;5;0
	47;18;0
@4
	47;18;0
	43;0
@34
	10;1
	29;0
	17;やるじゃん！
	17;|5,10,あいつ
	17;饕餮には遠く及ばないけど、中々楽しめたよ
@38
	11;-1
@42
	46;0;0
	42;0
	17;饕餮は何処に居る？
@46
	11;-1
@50
	46;3;0
	42;0
	17;絶対悪さするとみんな思ってたのに
	17;何故か幻想郷に溶け込んでいた
@54
	11;-1
@58
	46;4;0
	42;0
	17;やっぱり悪さしてるじゃない
@62
	11;-1
@66
	47;12;0
	43;0
	17;|5,10,あいつ
	17;饕餮は何処に居るんだろうなぁ
@70
	11;-1
@74
	47;11;0
	43;0
	17;やっぱりあの場所なんじゃない？
@78
	11;-1
@82
	46;6;0
	42;0
	17;あの場所……
@86
	11;-1
	4;0
	5;0
	6
	10;0
@116
	0
@0
	0
entry 17 (255, 16, 0, 2)
@0
	10;0
	1;0
	2;0
	44;160.0f;220.0f
	45;460.0f;220.0f
	46;5;0
	47;18;0
@4
	46;5;0
	42;0
@34
	10;1
	29;0
	17;そうかそうか、今の動物の血も
	17;良くなったもんだな
@38
	11;-1
	4;0
	5;0
	6
	10;0
@68
	0
@0
	0
entry 18 (255, 12, 0, 0)
@0
	10;0
	44;160.0f;220.0f
	45;450.0f;300.0f
	19;23
	1;0
	29;0
@4
	13;0;0
	7;0
	28;160.0f;220.0f
	17;……畜生界、か
@8
	11;-1
@12
	13;0;0
	7;0
	28;160.0f;220.0f
	17;いつの間にこんな都会になってしまったんだろう
@16
	11;-1
@20
	13;6;0
	7;0
	28;160.0f;220.0f
	17;私がいた頃はもっと饐えた匂いのする
	17;地獄らしい荒野だったのに
@24
	11;-1
	4;0
	10;0
	55
	18
	18
@124
	10;0
	28;160.0f;180.0f
	17;久しぶりだな
@144
	10;1
@148
	11;-1
	1;0
	2;0
	12
	13;7;0
@152
	14;0;0
	8;0
	28;450.0f;300.0f
	20;0
	17;藍、今は八雲藍だったか？
@156
	11;-1
@160
	13;5;0
	7;0
	28;160.0f;220.0f
	17;久しぶりね、今は剛欲同盟長だっけ？
	17;|4,9,とうてつゆうま
	17;饕餮尤魔
@164
	11;-1
@168
	13;6;0
	7;0
	28;160.0f;220.0f
	17;相変わらず乱暴ねぇ
	17;地上を混乱に陥れて何をしようと？
@172
	11;-1
@176
	14;7;0
	8;0
	28;450.0f;300.0f
	17;地上を混乱に？
	17;私が？
@180
	11;-1
@184
	14;5;0
	8;0
	28;450.0f;300.0f
	17;馬鹿言うな、地上は勝手に混乱していた
@188
	11;-1
@192
	14;2;0
	8;0
	28;450.0f;300.0f
	17;私はどちらかというと
	17;その混乱を抑える側だ
@196
	11;-1
@200
	14;1;0
	8;0
	28;450.0f;300.0f
	17;地上を剛欲同盟の物にしてな！
@204
	11;-1
@208
	13;3;0
	7;0
	28;160.0f;220.0f
	17;それが混乱の元だって言うの
@212
	11;-1
@216
	13;0;0
	7;0
	28;160.0f;220.0f
	17;あー、思い出した
@220
	11;-1
@224
	13;6;0
	7;0
	28;160.0f;220.0f
	17;私はその畜生的なイデオロギーに
	17;嫌気が刺して逃げ出したのよねー
@228
	11;-1
@232
	14;5;0
	8;0
	28;450.0f;300.0f
	17;でも今は幻想郷の支配者の側近だろ？
@236
	11;-1
@240
	14;5;0
	8;0
	28;450.0f;300.0f
	17;同じ穴のムジナ、さ
@244
	11;-1
@248
	13;3;0
	7;0
	28;160.0f;220.0f
	17;ふん、私にムジナだなんて酷くない？
	17;キツネをムジナなんかと一緒にしないで
@252
	11;-1
@256
	14;7;0
	8;0
	28;450.0f;300.0f
	17;え、あ、なんかすまん
@260
	11;-1
@264
	13;0;0
	7;0
	28;160.0f;220.0f
	17;ともかく、紫様に報告するまでも無い
@268
	11;-1
@272
	13;1;0
	7;0
	28;160.0f;220.0f
	17;お前の野望はここで止める！
@276
	11;-1
@280
	14;2;0
	8;0
	28;450.0f;300.0f
	29;0
	19;13
	17;ふふっ
@284
	11;-1
@288
	14;6;0
	8;0
	28;450.0f;300.0f
	17;お前がぬるま湯に浸かっている間
	17;私は灼熱に身を灼かれていた
@292
	11;-1
@296
	14;5;0
	8;0
	28;450.0f;300.0f
	17;勝負は始める前に着いている！
@300
	11;-1
@304
	14;1;0
	8;0
	28;450.0f;300.0f
	29;1
	17;畜生は畜生の理に身を委ねよ！
@308
	11;-1
	54
	4;0
	5;0
	6
	10;0
@338
	52
	0
@0
	0
entry 19 (255, 12, 0, 1)
@0
	10;0
@120
	10;0
@180
	21
@300
	22
	0
@0
	0
entry 20 (255, 12, 0, 2)
@0
	10;0
	1;0
	2;0
	44;160.0f;220.0f
	45;450.0f;300.0f
	46;5;0
	47;18;0
@4
	46;8;0
	42;0
@34
	10;1
	29;0
	17;弱くなった昔の仲間を見ることほど
	17;惨めなもんは無いな
@38
	11;-1
	4;0
	5;0
	6
	10;0
@68
	0
@0
	0
