header(0, 0, 0, 0, 0, 0, 0, 0, 0, 0, 0, 0, 0, 0, 0, 0, 0, 0, 0, 0)
entry 0 (16, 19, 0, 0)
@0
	10;0
	1;0
	2;0
	44;160.0f;220.0f
	45;480.0f;220.0f
	46;1;0
	47;18;0
@4
	46;1;0
	42;0
@34
	10;1
	29;0
	17;わーい、たのしー！
@38
	11;-1
	4;0
	5;0
	6
	10;0
@68
	0
@0
	0
entry 1 (16, 19, 0, 0)
@0
	10;0
	1;0
	2;0
	44;160.0f;220.0f
	45;480.0f;220.0f
	46;5;0
	47;18;0
@4
	46;5;0
	42;0
@34
	10;1
	29;0
	17;あ、っという間に勝っちゃったわ
@38
	11;-1
	4;0
	5;0
	6
	10;0
@68
	0
@0
	0
entry 2 (100, 0, 0, 0)
@0
	10;0
	1;0
	2;0
	44;160.0f;220.0f
	45;480.0f;220.0f
	46;6;0
	47;18;0
@4
	46;0;0
	42;0
@34
	10;1
	29;0
	17;霊夢さんの本気はそんなもんなの？
@38
	11;-1
	4;0
	5;0
	6
	10;0
@68
	0
@0
	0
entry 3 (50, 0, 0, 0)
@0
	10;0
	1;0
	2;0
	44;160.0f;220.0f
	45;480.0f;220.0f
	46;6;0
	47;18;0
@4
	46;6;0
	42;0
@34
	10;1
	29;0
	17;弱くなってない？
@38
	11;-1
@42
	46;5;0
	42;0
	17;神社でゴロゴロしているの
	17;いつも見てるんだからね
@46
	11;-1
	4;0
	5;0
	6
	10;0
@76
	0
@0
	0
entry 4 (100, 1, 0, 0)
@0
	10;0
	1;0
	2;0
	44;160.0f;220.0f
	45;480.0f;220.0f
	46;0;0
	47;18;0
@4
	46;0;0
	42;0
@34
	10;1
	29;0
	17;魔法の森に住んでいるとか
	17;貴方ってつくづく変わりもんよねぇ
@38
	11;-1
	4;0
	5;0
	6
	10;0
@68
	0
@0
	0
entry 5 (100, 2, 0, 0)
@0
	10;0
	1;0
	2;0
	44;160.0f;220.0f
	45;480.0f;220.0f
	46;0;0
	47;18;0
@4
	46;0;0
	42;0
@34
	10;1
	29;0
	17;夏になると私の近くにカエルが
	17;寄ってくるの、なんでかな
@38
	11;-1
	4;0
	5;0
	6
	10;0
@68
	0
@0
	0
entry 6 (100, 3, 0, 0)
@0
	10;0
	1;0
	2;0
	44;160.0f;220.0f
	45;480.0f;220.0f
	46;0;0
	47;18;0
@4
	46;5;0
	42;0
@34
	10;1
	29;0
	17;この間、勘違いした客が私の所に
	17;お揚げさんを備えていったわ
@38
	11;-1
	4;0
	5;0
	6
	10;0
@68
	0
@0
	0
entry 7 (100, 4, 0, 0)
@0
	10;0
	1;0
	2;0
	44;160.0f;220.0f
	45;480.0f;220.0f
	46;0;0
	47;18;0
@4
	46;0;0
	42;0
@34
	10;1
	29;0
	17;よ、相棒！
	17;元気にしてる？
@38
	11;-1
	4;0
	5;0
	6
	10;0
@68
	0
@0
	0
entry 8 (30, 4, 0, 0)
@0
	10;0
	1;0
	2;0
	44;160.0f;220.0f
	45;480.0f;220.0f
	46;0;0
	47;18;0
@4
	46;5;0
	42;0
@34
	10;1
	29;0
	17;ふっふっふ
@38
	11;-1
@42
	46;1;0
	42;0
	17;私が二人いる事は、公然の秘密……
@46
	11;-1
	4;0
	5;0
	6
	10;0
@76
	0
@0
	0
entry 9 (100, 5, 0, 0)
@0
	10;0
	1;0
	2;0
	44;160.0f;220.0f
	45;480.0f;220.0f
	46;0;0
	47;18;0
@4
	46;3;0
	42;0
@34
	10;1
	29;0
	17;この間、賽銭泥棒してたでしょ
@38
	11;-1
	4;0
	5;0
	6
	10;0
@68
	0
@0
	0
entry 10 (30, 5, 0, 0)
@0
	10;0
	1;0
	2;0
	44;160.0f;220.0f
	45;480.0f;220.0f
	46;0;0
	47;18;0
@4
	46;5;0
	42;0
@34
	10;1
	29;0
	17;この間、賽銭泥棒してたでしょ
@38
	11;-1
@42
	46;2;0
	42;0
	17;あの毘沙門天に言いつけてやるからね！
@46
	11;-1
	4;0
	5;0
	6
	10;0
@76
	0
@0
	0
entry 11 (100, 6, 0, 0)
@0
	10;0
	1;0
	2;0
	44;160.0f;220.0f
	45;480.0f;220.0f
	46;0;0
	47;18;0
@4
	46;2;0
	42;0
@34
	10;1
	29;0
	17;いいなー
	17;いつか月の都に行ってみたいなぁ
@38
	11;-1
	4;0
	5;0
	6
	10;0
@68
	0
@0
	0
entry 12 (100, 7, 0, 0)
@0
	10;0
	1;0
	2;0
	44;160.0f;220.0f
	45;480.0f;220.0f
	46;0;0
	47;18;0
@4
	46;2;0
	42;0
@34
	10;1
	29;0
	17;死体運びのお仕事、ご苦労さん！
@38
	11;-1
	4;0
	5;0
	6
	10;0
@68
	0
@0
	0
entry 13 (100, 8, 0, 0)
@0
	10;0
	1;0
	2;0
	44;160.0f;220.0f
	45;480.0f;220.0f
	46;0;0
	47;18;0
@4
	46;7;0
	42;0
@34
	10;1
	29;0
	17;その試験管に狐が入ってるの？
	17;ほんとに？
@38
	11;-1
	4;0
	5;0
	6
	10;0
@68
	0
@0
	0
entry 14 (100, 8, 0, 2)
@0
	10;0
	1;0
	2;0
	44;160.0f;220.0f
	45;480.0f;220.0f
	46;0;0
	47;18;0
@4
	46;3;0
	42;0
@34
	10;1
	29;0
	17;この間は欲もやってくれたわね
@38
	11;-1
@42
	46;3;0
	42;0
	17;私に取憑いていたのは
	17;貴方の眷属でしょ？
@46
	11;-1
	4;0
	5;0
	6
	10;0
@76
	0
@0
	0
entry 15 (100, 9, 0, 0)
@0
	10;0
	1;0
	2;0
	44;160.0f;220.0f
	45;480.0f;220.0f
	46;0;0
	47;18;0
@4
	46;1;0
	42;0
@34
	10;1
	29;0
	17;狸は気楽そうで羨ましいなー
@38
	11;-1
	4;0
	5;0
	6
	10;0
@68
	0
@0
	0
entry 16 (100, 10, 0, 0)
@0
	10;0
	1;0
	2;0
	44;160.0f;220.0f
	45;480.0f;220.0f
	46;0;0
	47;14;0
@4
	46;4;0
	42;0
@34
	10;1
	29;0
	17;頭の良い奴って聞いてたんだけど
	17;そうでも無さそうな……
@38
	11;-1
	4;0
	5;0
	6
	10;0
@68
	0
@0
	0
entry 17 (100, 10, 0, 2)
@0
	10;0
	1;0
	2;0
	44;160.0f;220.0f
	45;480.0f;220.0f
	46;0;0
	47;14;0
@4
	46;5;0
	42;0
@34
	10;1
	29;0
	17;この間はどうも！
	17;今日はどっちの私か判ります？
@38
	11;-1
	4;0
	5;0
	6
	10;0
@68
	0
@0
	0
entry 18 (100, 11, 0, 0)
@0
	10;0
	1;0
	2;0
	44;160.0f;220.0f
	45;480.0f;220.0f
	46;0;0
	47;18;0
@4
	46;0;0
	42;0
@34
	10;1
	29;0
	17;本当に足が早いんですかー？
	17;こんど競争しましょうよ
@38
	11;-1
	4;0
	5;0
	6
	10;0
@68
	0
@0
	0
entry 19 (100, 12, 0, 0)
@0
	10;0
	1;0
	2;0
	44;160.0f;220.0f
	45;480.0f;220.0f
	46;0;0
	47;18;0
@4
	46;4;0
	42;0
@34
	10;1
	29;0
	17;くく、先割れスプーンって……
	17;お子ちゃまじゃあるまいし
@38
	11;-1
	4;0
	5;0
	6
	10;0
@68
	0
@0
	0
entry 20 (100, 13, 0, 0)
@0
	10;0
	1;0
	2;0
	44;160.0f;220.0f
	45;480.0f;220.0f
	46;0;0
	47;18;0
@4
	46;6;0
	42;0
@34
	10;1
	29;0
	17;えーっと、貴方は動物では無い？
	17;てっきり動物達の祭典かと思ってたけど
@38
	11;-1
	4;0
	5;0
	6
	10;0
@68
	0
@0
	0
entry 21 (100, 14, 0, 0)
@0
	10;0
	1;0
	2;0
	44;160.0f;220.0f
	45;480.0f;220.0f
	46;0;0
	47;18;0
@4
	46;0;0
	42;0
@34
	10;1
	29;0
	17;どうしたの？
	17;フライドポテトを身体に巻き付けたりして
@38
	11;-1
	4;0
	5;0
	6
	10;0
@68
	0
@0
	0
entry 22 (100, 15, 0, 0)
@0
	10;0
	1;0
	2;0
	44;160.0f;220.0f
	45;480.0f;220.0f
	46;0;0
	47;18;0
@4
	46;0;0
	42;0
@34
	10;1
	29;0
	17;わー、格好いいー！
	17;尻尾が三本もある！
@38
	11;-1
	4;0
	5;0
	6
	10;0
@68
	0
@0
	0
entry 23 (100, 16, 0, 0)
@0
	10;0
	1;0
	2;0
	44;160.0f;220.0f
	45;480.0f;220.0f
	46;0;0
	47;18;0
@4
	46;0;0
	42;0
@34
	10;1
	29;0
	17;なんかお腹空いてそうね
	17;お揚げさんでも食べる？
@38
	11;-1
	4;0
	5;0
	6
	10;0
@68
	0
@0
	0
entry 24 (100, 17, 0, 0)
@0
	10;0
	1;0
	2;0
	44;160.0f;220.0f
	45;480.0f;220.0f
	46;0;0
	47;10;0
@4
	46;0;0
	42;0
@34
	10;1
	29;0
	17;なんかお線香のような匂いがするー
	17;陰気くさーい
@38
	11;-1
	4;0
	5;0
	6
	10;0
@68
	0
@0
	0
entry 25 (100, 18, 0, 0)
@0
	10;0
	1;0
	2;0
	44;160.0f;220.0f
	45;480.0f;220.0f
	46;0;0
	47;18;0
@4
	46;1;0
	42;0
@34
	10;1
	29;0
	17;よし！
	17;私の方が角が長い！　勝った！
@38
	11;-1
	4;0
	5;0
	6
	10;0
@68
	0
@0
	0
