header(0, 805306496, 134217736, 1073741888, 1006633472, 671121408, 872416256, 0, 0, 0, 0, 0, 0, 0, 0, 0, 0, 0, 0, 0)
entry 0 (16, 19, 0, 0)
@0
	10;0
	1;0
	2;0
	44;160.0f;220.0f
	45;460.0f;220.0f
	46;1;0
	47;18;0
@4
	46;1;0
	42;0
@34
	10;1
	29;0
	17;やるぞー
@38
	11;-1
@42
	47;1;0
	43;0
	17;やるぞー
@46
	11;-1
	4;0
	5;0
	6
	10;0
@76
	52
	0
@0
	0
entry 1 (16, 19, 0, 1)
@0
	10;0
	1;0
	2;0
	44;160.0f;220.0f
	45;460.0f;220.0f
	46;1;0
	47;18;0
@4
	46;1;0
	42;0
@34
	10;1
	29;0
	17;|136,16,おこ
	17;私に勝とうなんて烏滸がましいわ！
@38
	11;-1
	4;0
	5;0
	6
	10;0
@68
	0
@0
	0
entry 2 (16, 19, 0, 2)
@0
	10;0
	1;0
	2;0
	44;160.0f;220.0f
	45;460.0f;220.0f
	46;5;0
	47;18;0
@4
	47;18;0
	43;0
@34
	10;1
	29;0
	17;くやしー
@38
	11;-1
	4;0
	5;0
	6
	10;0
@68
	0
@0
	0
entry 3 (255, 7, 0, 0)
@0
	10;0
	44;160.0f;220.0f
	45;460.0f;220.0f
	19;22
	1;0
	29;0
@4
	13;6;0
	7;0
	28;160.0f;220.0f
	17;星様も人使いが荒いよ
@8
	11;-1
@12
	13;4;0
	7;0
	28;160.0f;220.0f
	17;幽霊が溢れかえるこんなときに
	17;墓場掃除なんてさ
@16
	11;-1
@20
	13;2;0
	7;0
	28;160.0f;220.0f
	17;テキトーにやっておこっと
@24
	11;-1
@28
	13;0;0
	7;0
	28;160.0f;220.0f
	17;それにしてもなんか宝物でも
	17;見つからないかなぁ
@32
	11;-1
	4;0
	10;0
	55
	18
	18
@132
	10;0
	28;160.0f;180.0f
	17;わー、宝の山だー
@152
	10;1
@156
	11;-1
	1;0
	2;0
	12
	13;7;0
@160
	14;0;0
	8;0
	28;460.0f;220.0f
	20;0
	17;|8,16,ここ
	17;墓場は宝で一杯ねー
@164
	11;-1
@168
	13;7;0
	7;0
	28;160.0f;220.0f
	17;うわっ、お燐
	17;何でこんなところに？
@172
	11;-1
@176
	13;6;0
	7;0
	28;160.0f;220.0f
	17;あー、テンション下がるー
@180
	11;-1
@184
	14;5;0
	8;0
	28;460.0f;220.0f
	17;幽霊大放出祭してるんなら
	17;教えてよー
@188
	11;-1
@192
	14;1;0
	8;0
	28;460.0f;220.0f
	17;あたいの大好物なんだから！
@196
	11;-1
	19;1
	54
	4;0
	5;0
	6
	10;0
@226
	52
	0
@0
	0
entry 4 (255, 7, 0, 1)
@0
	10;0
	1;0
	2;0
	44;160.0f;220.0f
	45;460.0f;220.0f
	46;5;0
	47;18;0
@4
	47;18;0
	43;0
@34
	10;1
	29;0
	17;同じ地底仲間だったしさ
	17;そんなに邪険に扱わなくても良いじゃない
@38
	11;-1
@42
	46;6;0
	42;0
	17;猫は苦手なの
	17;判るでしょ？
@46
	11;-1
@50
	47;12;0
	43;0
	17;あ、そだ。驚かせたお詫びに
	17;すっごいお宝情報教えてあげる
@54
	11;-1
@58
	46;7;0
	42;0
	17;え？　お宝？
	17;何々？
@62
	11;-1
	4;0
	5;0
	6
	10;0
@92
	0
@0
	0
entry 5 (255, 7, 0, 2)
@0
	10;0
	1;0
	2;0
	44;160.0f;220.0f
	45;460.0f;220.0f
	46;5;0
	47;18;0
@4
	46;2;0
	42;0
@34
	10;1
	29;0
	17;ついでに鼠もゲットだ！
@38
	11;-1
	4;0
	5;0
	6
	10;0
@68
	0
@0
	0
entry 6 (255, 3, 0, 0)
@0
	10;0
	44;160.0f;220.0f
	45;460.0f;220.0f
	19;22
	1;0
	29;0
@4
	13;7;0
	7;0
	28;160.0f;220.0f
	17;「命を浄化する宝玉が地上で見つかった」
	17;だってさ
@8
	11;-1
@12
	13;4;0
	7;0
	28;160.0f;220.0f
	17;お燐のいうことなら多分本当かな
@16
	11;-1
@20
	13;2;0
	7;0
	28;160.0f;220.0f
	17;あの猫、死を厭うものには敏感だからねぇ
	17;俄然ワクワクしてきた！
@24
	11;-1
	4;0
	10;0
	55
	18
	18
@124
	10;0
	28;160.0f;180.0f
	17;どうしたの？
@144
	10;1
@148
	11;-1
	1;0
	2;0
	12
	13;7;0
@152
	14;0;0
	8;0
	28;460.0f;220.0f
	20;0
	17;そんなに一人ではしゃいで
	17;何かありました？
@156
	11;-1
@160
	13;7;0
	7;0
	28;160.0f;220.0f
	17;わ！
	17;ビックリした
@164
	11;-1
@168
	13;6;0
	7;0
	28;160.0f;220.0f
	17;な、何でも無いよ
@172
	11;-1
@176
	13;6;0
	7;0
	28;160.0f;220.0f
	29;2
	17;宝玉の話は内緒にしないとね
@180
	11;-1
@184
	14;6;0
	8;0
	28;460.0f;220.0f
	29;0
	17;ん？
@188
	11;-1
@192
	14;1;0
	8;0
	28;460.0f;220.0f
	17;怪しい奴だ
	17;一応、調査しておきましょう
@196
	11;-1
	19;1
	54
	4;0
	5;0
	6
	10;0
@226
	52
	0
@0
	0
entry 7 (255, 3, 0, 1)
@0
	10;0
	1;0
	2;0
	44;160.0f;220.0f
	45;460.0f;220.0f
	46;5;0
	47;18;0
@4
	46;6;0
	42;0
@34
	10;1
	29;0
	17;何にも隠し事なんか
	17;してないってばよー
@38
	11;-1
@42
	47;18;0
	43;0
	17;ま、別に良いんですけど
@46
	11;-1
@50
	46;0;0
	42;0
	17;あ、そうだ、この辺でなんか変わった物を
	17;見つけたとか聞いたこと無い？
@54
	11;-1
@58
	47;10;0
	43;0
	17;変わったもの？
	17;例えば？
@62
	11;-1
@66
	46;0;0
	42;0
	17;ほうぎょ……いや、丸っこい綺麗な玉とかさ
@70
	11;-1
@74
	47;14;0
	43;0
	17;隠し事がヘタな鼠ねぇ
@78
	11;-1
	4;0
	5;0
	6
	10;0
@108
	0
@0
	0
entry 8 (255, 3, 0, 2)
@0
	10;0
	1;0
	2;0
	44;160.0f;220.0f
	45;460.0f;220.0f
	46;5;0
	47;18;0
@4
	46;5;0
	42;0
@34
	10;1
	29;0
	17;何か隠し事しているようね
	17;教えてくれるかな
@38
	11;-1
	4;0
	5;0
	6
	10;0
@68
	0
@0
	0
entry 9 (255, 6, 0, 0)
@0
	10;0
	44;160.0f;220.0f
	45;460.0f;220.0f
	19;22
	1;0
	29;0
@4
	13;0;0
	7;0
	28;160.0f;220.0f
	17;私のお宝センサーが僅かに感じる
@8
	11;-1
@12
	13;2;0
	7;0
	28;160.0f;220.0f
	17;この辺にありそうね！
@16
	11;-1
	4;0
	10;0
	55
	18
	18
@116
	10;0
	28;160.0f;180.0f
	17;おや……貴方は
@136
	10;1
@140
	11;-1
	1;0
	2;0
	12
	13;7;0
@144
	14;0;0
	8;0
	28;460.0f;220.0f
	20;0
	17;鉄鼠でしょ？
	17;噂は聞いた事があるわ
@148
	11;-1
@152
	13;4;0
	7;0
	28;160.0f;220.0f
	17;え？
	17;違うけど
@156
	11;-1
@160
	14;6;0
	8;0
	28;460.0f;220.0f
	17;え？
	17;でも、お寺に住んでいるって
@164
	11;-1
@168
	13;6;0
	7;0
	28;160.0f;220.0f
	17;住んでいるけど、違うよ
	17;鉄鼠じゃないよ
@172
	11;-1
@176
	14;0;0
	8;0
	28;460.0f;220.0f
	17;住んでいるなら
	17;似たようなもんでしょ
@180
	11;-1
@184
	13;3;0
	7;0
	28;160.0f;220.0f
	17;なにこの必要ないやりとりは
@188
	11;-1
@192
	13;0;0
	7;0
	28;160.0f;220.0f
	19;2
	17;……いやまて
	17;こいつからお宝センサーが反応している
@196
	11;-1
@200
	13;5;0
	7;0
	28;160.0f;220.0f
	17;……なるほど
@204
	11;-1
@208
	13;5;0
	7;0
	28;160.0f;220.0f
	17;宝玉は貴方が持っているね
@212
	11;-1
@216
	14;4;0
	8;0
	28;460.0f;220.0f
	17;え？宝玉？
	17;持ってないけど
@220
	11;-1
@224
	13;1;0
	7;0
	28;160.0f;220.0f
	17;もういい！
	17;力づくで調べるまでよ！
@228
	11;-1
	54
	4;0
	5;0
	6
	10;0
@258
	52
	0
@0
	0
entry 10 (255, 6, 0, 1)
@0
	10;0
	1;0
	2;0
	44;160.0f;220.0f
	45;460.0f;220.0f
	46;5;0
	47;18;0
@4
	46;4;0
	42;0
@34
	10;1
	29;0
	17;ほら、やっぱりー持って……ない！
@38
	11;-1
@42
	46;3;0
	42;0
	17;さっきから何なのよー
@46
	11;-1
@50
	47;14;0
	43;0
	17;そりゃこっちの台詞よ
@54
	11;-1
@58
	47;18;0
	43;0
	17;でもね、貴方の嗅覚の
	17;鋭さには驚いたわ
@62
	11;-1
@66
	47;10;0
	43;0
	17;私は確かにさっきまで
	17;宝玉を持っていた
@70
	11;-1
@74
	46;7;0
	42;0
	17;え？
@78
	11;-1
@82
	47;10;0
	43;0
	17;トレジャーハンターの貴方に
	17;悟られないようにしたんだけどね
@86
	11;-1
@90
	47;16;0
	43;0
	17;でもその腕を見込んで改めてお願いするわ
@94
	11;-1
@98
	46;0;0
	42;0
	17;へ？　何を？
@102
	11;-1
	4;0
	5;0
	6
	10;0
@132
	0
@0
	0
entry 11 (255, 6, 0, 2)
@0
	10;0
	1;0
	2;0
	44;160.0f;220.0f
	45;460.0f;220.0f
	46;5;0
	47;18;0
@4
	46;5;0
	42;0
@34
	10;1
	29;0
	17;ふう、何とか誤魔化せたかな
@38
	11;-1
	4;0
	5;0
	6
	10;0
@68
	0
@0
	0
entry 12 (255, 9, 0, 0)
@0
	10;0
	44;160.0f;220.0f
	45;460.0f;220.0f
	19;22
	1;0
	29;0
@4
	13;4;0
	7;0
	28;160.0f;220.0f
	17;なるほど、月の兎が宝玉を落としちゃったのか
@8
	11;-1
@12
	13;0;0
	7;0
	28;160.0f;220.0f
	17;宝玉って月の秘宝だったのね
@16
	11;-1
@20
	13;6;0
	7;0
	28;160.0f;220.0f
	17;それなら命を浄化する力が有るなんて話も
	17;まんざらでもなさそう
@24
	11;-1
@28
	13;2;0
	7;0
	28;160.0f;220.0f
	17;俄然やる気が出てきた！
	17;絶対に見つけてやる！
@32
	11;-1
	4;0
	10;0
	55
	18
	18
@132
	10;0
	28;160.0f;180.0f
	17;何じゃ、楽しそうじゃのう
@152
	10;1
@156
	11;-1
	1;0
	2;0
	12
	13;7;0
@160
	14;0;0
	8;0
	28;460.0f;220.0f
	20;0
	17;何かお宝でも見つけたか？
@164
	11;-1
@168
	13;7;0
	7;0
	28;160.0f;220.0f
	17;な、な、何をそんな訳無いでしょ
@172
	11;-1
@176
	14;7;0
	8;0
	28;460.0f;220.0f
	17;……おいおい
@180
	11;-1
@184
	14;4;0
	8;0
	28;460.0f;220.0f
	17;ただの挨拶のつもりが図星とはのう
@188
	11;-1
@192
	14;2;0
	8;0
	28;460.0f;220.0f
	19;14
	17;面白そうな話だったら
	17;儂にも一つ噛ませて貰えんかのう
@196
	11;-1
	54
	4;0
	5;0
	6
	10;0
@226
	52
	0
@0
	0
entry 13 (255, 9, 0, 1)
@0
	10;0
	1;0
	2;0
	44;160.0f;220.0f
	45;460.0f;220.0f
	46;5;0
	47;18;0
@4
	46;3;0
	42;0
@34
	10;1
	29;0
	17;お宝は私だけのもんよ！
	17;このハイエナが！
@38
	11;-1
@42
	46;6;0
	42;0
	17;……
@46
	11;-1
@50
	47;14;0
	43;0
	17;で、そのお宝とやらは
	17;一体何処にあるんだい？
@54
	11;-1
@58
	47;15;0
	43;0
	17;見た感じ、まだ見つかってないようじゃのう
@62
	11;-1
@66
	47;15;0
	43;0
	17;儂の元には狸たちが集めた
	17;色んな情報が集まってくるんじゃ
@70
	11;-1
@74
	47;12;0
	43;0
	17;それこそ、チュパカブラの出現場所から
	17;月の宝玉の在処まで
@78
	11;-1
@82
	46;7;0
	42;0
	17;！？
@86
	11;-1
@90
	47;10;0
	43;0
	17;どうじゃ？
	17;儂と組んだ方が得じゃろ？
@94
	11;-1
	4;0
	5;0
	6
	10;0
@124
	0
@0
	0
entry 14 (255, 9, 0, 2)
@0
	10;0
	1;0
	2;0
	44;160.0f;220.0f
	45;460.0f;220.0f
	46;5;0
	47;18;0
@4
	46;5;0
	42;0
@34
	10;1
	29;0
	17;さて、話を聞こうかのう
@38
	11;-1
	4;0
	5;0
	6
	10;0
@68
	0
@0
	0
entry 15 (255, 15, 0, 0)
@0
	10;0
	44;160.0f;220.0f
	45;460.0f;220.0f
	19;22
	1;0
	29;0
@4
	13;0;0
	7;0
	28;160.0f;220.0f
	17;魔法の森に、宝玉を使って
	17;覚醒した獣がいる、か
@8
	11;-1
@12
	13;4;0
	7;0
	28;160.0f;220.0f
	17;悔しいけど、老獪な狸の
	17;情報網には敵わないな
@16
	11;-1
@20
	13;6;0
	7;0
	28;160.0f;220.0f
	17;しかし、宝玉を使っただけで
	17;獣が覚醒するなんて、そんな話あるか？
@24
	11;-1
@28
	13;2;0
	7;0
	28;160.0f;220.0f
	17;とんでもないお宝なのかも
	17;知れないね
@32
	11;-1
	4;0
	10;0
	55
	18
	18
@132
	10;0
	28;160.0f;180.0f
	17;誰だ？
@152
	10;1
@156
	11;-1
	1;0
	2;0
	12
	13;7;0
@160
	14;0;0
	8;0
	28;460.0f;220.0f
	20;0
	17;何だ、鼠か
@164
	11;-1
@168
	14;0;0
	8;0
	28;460.0f;220.0f
	17;私のターゲットでは無さそうね
	17;この辺は危ないから帰りなさい
@172
	11;-1
@176
	13;7;0
	7;0
	28;160.0f;220.0f
	17;あ、そのペンダントは！
@180
	11;-1
@184
	14;7;0
	8;0
	28;460.0f;220.0f
	17;ん？
@188
	11;-1
@192
	13;2;0
	7;0
	28;160.0f;220.0f
	19;16
	17;間違いない、宝玉だ！
	17;私の宝玉だ！
@196
	11;-1
@200
	14;7;0
	8;0
	28;460.0f;220.0f
	17;え？
	17;私の？
@204
	11;-1
@208
	13;1;0
	7;0
	28;160.0f;220.0f
	17;殺してでも奪い取るよ！
@212
	11;-1
	54
	4;0
	5;0
	6
	10;0
@242
	52
	0
@0
	0
entry 16 (255, 15, 0, 1)
@0
	10;0
	1;0
	2;0
	44;160.0f;220.0f
	45;460.0f;220.0f
	46;5;0
	47;18;0
@4
	47;3;0
	43;0
@34
	10;1
	29;0
	17;何なのよ、もう
@38
	11;-1
@42
	46;6;0
	42;0
	29;2
	17;おっと、急いては事をし損じるわね
@46
	11;-1
@50
	46;6;0
	42;0
	29;0
	17;ねーねー、その首に掛けたペンダントさ
@54
	11;-1
@58
	46;6;0
	42;0
	17;何処で手に入れたの？
@62
	11;-1
@66
	47;14;0
	43;0
	17;あ、これ？
@70
	11;-1
@74
	47;14;0
	43;0
	17;これさ、組長から貰ったの
	17;大切なもんだってさ
@78
	11;-1
@82
	46;4;0
	42;0
	17;組長？
	17;ヤクザか何かなのかな
@86
	11;-1
@90
	46;0;0
	42;0
	17;それさ、私の知り合いの
	17;大切なもんらしいんだ
@94
	11;-1
@98
	46;0;0
	42;0
	17;ちょっと見せてほしいんだけど
@102
	11;-1
@106
	47;15;0
	43;0
	17;あげないよ？
@110
	11;-1
@114
	46;5;0
	42;0
	17;よく見たいだけさ
@118
	11;-1
@122
	47;13;0
	43;0
	29;0
	17;まあ、見るだけならどうぞ
@126
	11;-1
@130
	46;6;0
	42;0
	29;2
	17;さて、どうやって奪おうかな
@134
	11;-1
@138
	46;6;0
	42;0
	17;あれ？
	17;何だかぼーっとしてきた
@142
	11;-1
	51;0
@146
	46;8;0
	42;0
	56
	17;眠気が……
@266
	10;1
@270
	11;-1
	4;0
	5;0
	6
	10;0
@300
	0
@0
	0
entry 17 (255, 15, 0, 2)
@0
	10;0
	1;0
	2;0
	44;160.0f;220.0f
	45;460.0f;220.0f
	46;5;0
	47;18;0
@4
	46;3;0
	42;0
@34
	10;1
	29;0
	17;何なのよ、もう
@38
	11;-1
	4;0
	5;0
	6
	10;0
@68
	0
@0
	0
entry 18 (255, 10, 0, 0)
@0
	10;0
	44;160.0f;220.0f
	45;500.0f;220.0f
	19;23
	1;0
	29;0
@4
	13;8;0
	7;0
	28;160.0f;220.0f
	17;……ここは
@8
	11;-1
@12
	13;8;0
	7;0
	28;160.0f;220.0f
	17;何処？
	17;何が起こったの？
@16
	11;-1
	19;11
	4;0
	10;0
	55
	18
	18
@116
	10;0
	28;160.0f;180.0f
	17;何だ？　お前は
@136
	10;1
@140
	11;-1
	1;0
	2;0
	12
	13;7;0
@144
	14;6;0
	8;0
	28;500.0f;220.0f
	20;0
	17;何処から現れた？
@148
	11;-1
@152
	13;8;0
	7;0
	28;160.0f;220.0f
	17;私にも判らないです……
	17;ここは何処？
@156
	11;-1
@160
	14;0;0
	8;0
	28;500.0f;220.0f
	17;ここは見ての通りの地獄だ
@164
	11;-1
@168
	13;7;0
	7;0
	28;160.0f;220.0f
	17;地獄！？　旧地獄じゃなくて地獄？
	17;ふえぇ
@172
	11;-1
@176
	13;6;0
	7;0
	28;160.0f;220.0f
	17;たしか、獣が持っていた宝玉を
	17;手にした途端、強烈な眠気が来て……
@180
	11;-1
@184
	14;0;0
	8;0
	28;500.0f;220.0f
	17;……
@188
	11;-1
@192
	14;6;0
	8;0
	28;500.0f;220.0f
	17;宝玉？
	17;噂に聞いてた奴か……本当にあったのか
@196
	11;-1
@200
	14;0;0
	8;0
	28;500.0f;220.0f
	17;お前の言っていることが本当なら
@204
	11;-1
@208
	14;5;0
	8;0
	28;500.0f;220.0f
	17;どうやらその宝玉に移送の罠が
	17;仕掛けられている
@212
	11;-1
@216
	13;7;0
	7;0
	28;160.0f;220.0f
	17;は？　移送の罠？
@220
	11;-1
@224
	14;6;0
	8;0
	28;500.0f;220.0f
	17;宝玉を持っていた獣ってのは
	17;白い犬じゃなかったか？
@228
	11;-1
@232
	13;0;0
	7;0
	28;160.0f;220.0f
	17;そうよ
@236
	11;-1
@240
	14;4;0
	8;0
	28;500.0f;220.0f
	17;やっぱりか
	17;うちの猿に仕掛けられていたものと同じか
@244
	11;-1
@248
	14;6;0
	8;0
	28;500.0f;220.0f
	17;もしかすると我々は全員……
@252
	11;-1
@256
	13;0;0
	7;0
	28;160.0f;220.0f
	17;？？
@260
	11;-1
@264
	14;3;0
	8;0
	28;500.0f;220.0f
	19;19
	17;くっくっく、やってくれるな
	17;あの人鬼が！
@268
	11;-1
@272
	13;8;0
	7;0
	28;160.0f;220.0f
	17;あのー、盛り上がってるところだけど
	17;私はどうなるんでしょう？
@276
	11;-1
@280
	14;2;0
	8;0
	28;500.0f;220.0f
	17;ああ、何なら私の部下になって
	17;一緒に戦わないか？
@284
	11;-1
@288
	13;7;0
	7;0
	28;160.0f;220.0f
	17;戦う？
	17;何の為に？
@292
	11;-1
@296
	14;1;0
	8;0
	28;500.0f;220.0f
	17;地上の征服だ
	17;魅力的だろう？
@300
	11;-1
@304
	13;3;0
	7;0
	28;160.0f;220.0f
	29;1
	17;な、こいつは、敵だ
	17;敵だったー！
@308
	11;-1
	54
	4;0
	5;0
	6
	10;0
@338
	52
	0
@0
	0
entry 19 (255, 10, 0, 1)
@0
	10;0
@120
	10;0
@180
	21
@300
	22
	0
@0
	0
entry 20 (255, 10, 0, 2)
@0
	10;0
	1;0
	2;0
	44;160.0f;220.0f
	45;500.0f;220.0f
	46;5;0
	47;18;0
@4
	46;2;0
	42;0
@34
	10;1
	29;0
	17;中々筋が良いな
	17;うちに欲しい人材だ
@38
	11;-1
	4;0
	5;0
	6
	10;0
@68
	0
@0
	0
