header(0, 0, 0, 0, 0, 0, 0, 0, 0, 0, 0, 0, 0, 0, 0, 0, 0, 0, 0, 0)
entry 0 (30, 19, 0, 0)
@0
	10;0
	1;0
	2;0
	44;160.0f;220.0f
	45;480.0f;220.0f
	46;1;0
	47;18;0
@4
	46;1;0
	42;0
@34
	10;1
	29;0
	17;弾幕は、身体が小さい方が有利なのよ！
@38
	11;-1
	4;0
	5;0
	6
	10;0
@68
	0
@0
	0
entry 1 (15, 19, 0, 0)
@0
	10;0
	1;0
	2;0
	44;160.0f;220.0f
	45;480.0f;220.0f
	46;5;0
	47;18;0
@4
	46;5;0
	42;0
@34
	10;1
	29;0
	17;あんたらみたいな無能ばかりじゃ
	17;この世はもうお終いだね
@38
	11;-1
	4;0
	5;0
	6
	10;0
@68
	0
@0
	0
entry 2 (100, 0, 0, 0)
@0
	10;0
	1;0
	2;0
	44;160.0f;220.0f
	45;480.0f;220.0f
	46;6;0
	47;18;0
@4
	46;1;0
	42;0
@34
	10;1
	29;0
	17;賽銭箱にゴミばっか入ってるよ
	17;気を付けてよね
@38
	11;-1
	4;0
	5;0
	6
	10;0
@68
	0
@0
	0
entry 3 (50, 0, 0, 0)
@0
	10;0
	1;0
	2;0
	44;160.0f;220.0f
	45;480.0f;220.0f
	46;6;0
	47;18;0
@4
	46;6;0
	42;0
@34
	10;1
	29;0
	17;神社の縁の下に陰陽玉が落ちてたよ
@38
	11;-1
@42
	46;5;0
	42;0
	17;弾幕の後はちゃんと拾っておいてよね
@46
	11;-1
	4;0
	5;0
	6
	10;0
@76
	0
@0
	0
entry 4 (100, 1, 0, 0)
@0
	10;0
	1;0
	2;0
	44;160.0f;220.0f
	45;480.0f;220.0f
	46;0;0
	47;18;0
@4
	46;7;0
	42;0
@34
	10;1
	29;0
	17;貴方の家……
	17;ゴミ屋敷という名の宝の山だったわ
@38
	11;-1
	4;0
	5;0
	6
	10;0
@68
	0
@0
	0
entry 5 (30, 1, 0, 0)
@0
	10;0
	1;0
	2;0
	44;160.0f;220.0f
	45;480.0f;220.0f
	46;0;0
	47;18;0
@4
	46;0;0
	42;0
@34
	10;1
	29;0
	17;あんたとはシンパシーを感じるんだよね
@38
	11;-1
@42
	46;5;0
	42;0
	17;今度格安でアイテム探しの依頼を受けるよ
	17;その代わり、マジックアイテムを見せてね
@46
	11;-1
	4;0
	5;0
	6
	10;0
@76
	0
@0
	0
entry 6 (100, 2, 0, 0)
@0
	10;0
	1;0
	2;0
	44;160.0f;220.0f
	45;480.0f;220.0f
	46;0;0
	47;18;0
@4
	46;0;0
	42;0
@34
	10;1
	29;0
	17;あんたって忘れ物少なそう
	17;以外と几帳面でしょ？
@38
	11;-1
	4;0
	5;0
	6
	10;0
@68
	0
@0
	0
entry 7 (100, 3, 0, 0)
@0
	10;0
	1;0
	2;0
	44;160.0f;220.0f
	45;480.0f;220.0f
	46;0;0
	47;18;0
@4
	46;6;0
	42;0
@34
	10;1
	29;0
	17;あれ？
	17;さっきまでいた赤い服を着た猫は何処に？
@38
	11;-1
	4;0
	5;0
	6
	10;0
@68
	0
@0
	0
entry 8 (100, 4, 0, 0)
@0
	10;0
	1;0
	2;0
	44;160.0f;220.0f
	45;480.0f;220.0f
	46;0;0
	47;18;0
@4
	46;0;0
	42;0
@34
	10;1
	29;0
	17;外の世界にはネズミの形した
	17;狛犬もあるんだってね
@38
	11;-1
	4;0
	5;0
	6
	10;0
@68
	0
@0
	0
entry 9 (100, 4, 0, 0)
@0
	10;0
	1;0
	2;0
	44;160.0f;220.0f
	45;480.0f;220.0f
	46;0;0
	47;18;0
@4
	46;0;0
	42;0
@34
	10;1
	29;0
	17;シーサーとは何がちがうのさ
@38
	11;-1
	4;0
	5;0
	6
	10;0
@68
	0
@0
	0
entry 10 (100, 5, 0, 0)
@0
	10;0
	1;0
	2;0
	44;160.0f;220.0f
	45;480.0f;220.0f
	46;0;0
	47;18;0
@4
	46;2;0
	42;0
@34
	10;1
	29;0
	17;今日も上出来
	17;弾幕から大量の原石を見つけたわ
@38
	11;-1
	4;0
	5;0
	6
	10;0
@68
	0
@0
	0
entry 11 (100, 6, 0, 0)
@0
	10;0
	1;0
	2;0
	44;160.0f;220.0f
	45;480.0f;220.0f
	46;0;0
	47;11;0
@4
	46;4;0
	42;0
@34
	10;1
	29;0
	17;その杵、なんか赤いのついてない？
@38
	11;-1
	4;0
	5;0
	6
	10;0
@68
	0
@0
	0
entry 12 (80, 7, 0, 0)
@0
	10;0
	1;0
	2;0
	44;160.0f;220.0f
	45;480.0f;220.0f
	46;0;0
	47;11;0
@4
	46;3;0
	42;0
@34
	10;1
	29;0
	17;だーかーらー
	17;猫は苦手なんだって、判るでしょー？
@38
	11;-1
	4;0
	5;0
	6
	10;0
@68
	0
@0
	0
entry 13 (20, 7, 0, 0)
@0
	10;0
	1;0
	2;0
	44;160.0f;220.0f
	45;480.0f;220.0f
	46;0;0
	47;11;0
@4
	46;3;0
	42;0
@34
	10;1
	29;0
	17;だーかーらー
	17;猫は苦手なんだって、判るでしょー？
@38
	11;-1
@42
	46;4;0
	42;0
	17;猫に臆しない鼠はジェリーマウスくらい
	17;しかいないのよ
@46
	11;-1
	4;0
	5;0
	6
	10;0
@76
	0
@0
	0
entry 14 (100, 8, 0, 0)
@0
	10;0
	1;0
	2;0
	44;160.0f;220.0f
	45;480.0f;220.0f
	46;0;0
	47;14;0
@4
	46;2;0
	42;0
@34
	10;1
	29;0
	17;あ、密かに耳が大きい仲間だね！
@38
	11;-1
	4;0
	5;0
	6
	10;0
@68
	0
@0
	0
entry 15 (100, 9, 0, 0)
@0
	10;0
	1;0
	2;0
	44;160.0f;220.0f
	45;480.0f;220.0f
	46;0;0
	47;18;0
@4
	46;3;0
	42;0
@34
	10;1
	29;0
	17;あんたんところの狸が
	17;うちの仕事を邪魔してるの！
@38
	11;-1
	4;0
	5;0
	6
	10;0
@68
	0
@0
	0
entry 16 (100, 9, 0, 2)
@0
	10;0
	1;0
	2;0
	44;160.0f;220.0f
	45;480.0f;220.0f
	46;0;0
	47;18;0
@4
	46;3;0
	42;0
@34
	10;1
	29;0
	17;あの宝玉は駄目な奴だった！
	17;報酬は要らないから私は降りる！
@38
	11;-1
	4;0
	5;0
	6
	10;0
@68
	0
@0
	0
entry 17 (100, 10, 0, 0)
@0
	10;0
	1;0
	2;0
	44;160.0f;220.0f
	45;480.0f;220.0f
	46;0;0
	47;15;0
@4
	46;4;0
	42;0
@34
	10;1
	29;0
	17;尻尾、長すぎません？
@38
	11;-1
	4;0
	5;0
	6
	10;0
@68
	0
@0
	0
entry 18 (100, 10, 0, 2)
@0
	10;0
	1;0
	2;0
	44;160.0f;220.0f
	45;480.0f;220.0f
	46;0;0
	47;15;0
@4
	46;0;0
	42;0
@34
	10;1
	29;0
	17;いや、仲間になる気は無いですー
@38
	11;-1
	4;0
	5;0
	6
	10;0
@68
	0
@0
	0
entry 19 (100, 11, 0, 0)
@0
	10;0
	1;0
	2;0
	44;160.0f;220.0f
	45;480.0f;220.0f
	46;0;0
	47;18;0
@4
	46;2;0
	42;0
@34
	10;1
	29;0
	17;肉食動物の多そうな勁牙組の組長が草食動物……
	17;少し憧れます……
@38
	11;-1
	4;0
	5;0
	6
	10;0
@68
	0
@0
	0
entry 20 (100, 12, 0, 0)
@0
	10;0
	1;0
	2;0
	44;160.0f;220.0f
	45;480.0f;220.0f
	46;0;0
	47;14;0
@4
	46;7;0
	42;0
@34
	10;1
	29;0
	17;え？　あんたあの旧血の池地獄にいるの？
	17;馬鹿なの？
@38
	11;-1
	4;0
	5;0
	6
	10;0
@68
	0
@0
	0
entry 21 (100, 13, 0, 0)
@0
	10;0
	1;0
	2;0
	44;160.0f;220.0f
	45;480.0f;220.0f
	46;0;0
	47;18;0
@4
	46;5;0
	42;0
@34
	10;1
	29;0
	17;鬼に勝っちゃった
	17;きっと酔っ払ってたのね
@38
	11;-1
	4;0
	5;0
	6
	10;0
@68
	0
@0
	0
entry 22 (100, 14, 0, 0)
@0
	10;0
	1;0
	2;0
	44;160.0f;220.0f
	45;480.0f;220.0f
	46;0;0
	47;18;0
@4
	46;0;0
	42;0
@34
	10;1
	29;0
	17;へー、猿の妖怪なんていたんだ
	17;知らなかったなぁ
@38
	11;-1
	4;0
	5;0
	6
	10;0
@68
	0
@0
	0
entry 23 (100, 15, 0, 0)
@0
	10;0
	1;0
	2;0
	44;160.0f;220.0f
	45;480.0f;220.0f
	46;0;0
	47;18;0
@4
	46;7;0
	42;0
@34
	10;1
	29;0
	17;あ、その胸の宝玉は……！
@38
	11;-1
	4;0
	5;0
	6
	10;0
@68
	0
@0
	0
entry 24 (100, 15, 0, 2)
@0
	10;0
	1;0
	2;0
	44;160.0f;220.0f
	45;480.0f;220.0f
	46;0;0
	47;18;0
@4
	46;7;0
	42;0
@34
	10;1
	29;0
	17;あ、その胸の宝玉は……！
@38
	11;-1
@42
	46;8;0
	42;0
	17;移送の罠だ！
	17;触れちゃ駄目だ、逃げろー！
@46
	11;-1
	4;0
	5;0
	6
	10;0
@76
	0
@0
	0
entry 25 (100, 16, 0, 0)
@0
	10;0
	1;0
	2;0
	44;160.0f;220.0f
	45;480.0f;220.0f
	46;0;0
	47;12;0
@4
	46;2;0
	42;0
@34
	10;1
	29;0
	17;あ、ちやりちゃんだ
	17;久しぶりだねー
@38
	11;-1
	4;0
	5;0
	6
	10;0
@68
	0
@0
	0
entry 26 (100, 16, 0, 0)
@0
	10;0
	1;0
	2;0
	44;160.0f;220.0f
	45;480.0f;220.0f
	46;0;0
	47;12;0
@4
	46;7;0
	42;0
@34
	10;1
	29;0
	17;あ、ちやりちゃんだ
	17;久しぶりだねー
@38
	11;-1
@42
	46;2;0
	42;0
	17;血の池から出られるようになったんだ
@46
	11;-1
	4;0
	5;0
	6
	10;0
@76
	0
@0
	0
entry 27 (100, 17, 0, 0)
@0
	10;0
	1;0
	2;0
	44;160.0f;220.0f
	45;480.0f;220.0f
	46;0;0
	47;18;0
@4
	46;7;0
	42;0
@34
	10;1
	29;0
	17;新地獄の人？
	17;なんかそれっぽい人だねー
@38
	11;-1
	4;0
	5;0
	6
	10;0
@68
	0
@0
	0
entry 28 (80, 18, 0, 0)
@0
	10;0
	1;0
	2;0
	44;160.0f;220.0f
	45;480.0f;220.0f
	46;0;0
	47;18;0
@4
	46;4;0
	42;0
@34
	10;1
	29;0
	17;あ、残無様もこの異変に
	17;便乗して宝探しです？
@38
	11;-1
	4;0
	5;0
	6
	10;0
@68
	0
@0
	0
entry 29 (20, 18, 0, 0)
@0
	10;0
	1;0
	2;0
	44;160.0f;220.0f
	45;480.0f;220.0f
	46;0;0
	47;18;0
@4
	46;7;0
	42;0
@34
	10;1
	29;0
	17;！？
	17;その岩の中からお宝センサーが反応する！
@38
	11;-1
	4;0
	5;0
	6
	10;0
@68
	0
@0
	0
