header(0, 0, 0, 0, 0, 0, 0, 0, 0, 0, 0, 0, 0, 0, 0, 0, 0, 0, 0, 0)
entry 0 (30, 19, 0, 0)
@0
	10;0
	1;0
	2;0
	44;160.0f;220.0f
	45;480.0f;220.0f
	46;1;0
	47;18;0
@4
	46;2;0
	42;0
@34
	10;1
	29;0
	17;地上は穢れとワクワクでいっぱいね！
@38
	11;-1
	4;0
	5;0
	6
	10;0
@68
	0
@0
	0
entry 1 (30, 19, 0, 0)
@0
	10;0
	1;0
	2;0
	44;160.0f;220.0f
	45;480.0f;220.0f
	46;5;0
	47;18;0
@4
	46;6;0
	42;0
@34
	10;1
	29;0
	17;あー、月の都に戻るの
	17;憂鬱だなぁ
@38
	11;-1
	4;0
	5;0
	6
	10;0
@68
	0
@0
	0
entry 2 (100, 0, 0, 0)
@0
	10;0
	1;0
	2;0
	44;160.0f;220.0f
	45;480.0f;220.0f
	46;6;0
	47;18;0
@4
	46;1;0
	42;0
@34
	10;1
	29;0
	17;幻想郷は楽しいね！
	17;もっと強い奴に会いたいな
@38
	11;-1
	4;0
	5;0
	6
	10;0
@68
	0
@0
	0
entry 3 (20, 0, 0, 0)
@0
	10;0
	1;0
	2;0
	44;160.0f;220.0f
	45;480.0f;220.0f
	46;6;0
	47;18;0
@4
	46;6;0
	42;0
@34
	10;1
	29;0
	17;昔、月の都で依姫さまと戦って
	17;ボロ負けしてたでしょ
@38
	11;-1
@42
	46;5;0
	42;0
	17;今でも月の兎たちの中で
	17;語り草になってるわ
@46
	11;-1
	4;0
	5;0
	6
	10;0
@76
	0
@0
	0
entry 4 (100, 1, 0, 0)
@0
	10;0
	1;0
	2;0
	44;160.0f;220.0f
	45;480.0f;220.0f
	46;0;0
	47;18;0
@4
	46;7;0
	42;0
@34
	10;1
	29;0
	17;そのレーザー、月まで届きそうね
@38
	11;-1
	4;0
	5;0
	6
	10;0
@68
	0
@0
	0
entry 5 (100, 1, 0, 0)
@0
	10;0
	1;0
	2;0
	44;160.0f;220.0f
	45;480.0f;220.0f
	46;0;0
	47;18;0
@4
	46;0;0
	42;0
@34
	10;1
	29;0
	17;月面には地上からのレーザーを反射させる
	17;鏡が置いてあるのよ
@38
	11;-1
@42
	46;1;0
	42;0
	17;今度、狙ってみてよ
@46
	11;-1
	4;0
	5;0
	6
	10;0
@76
	0
@0
	0
entry 6 (100, 2, 0, 0)
@0
	10;0
	1;0
	2;0
	44;160.0f;220.0f
	45;480.0f;220.0f
	46;0;0
	47;18;0
@4
	46;6;0
	42;0
@34
	10;1
	29;0
	17;守矢神社って博麗神社に比べると
	17;より穢れが強い感じが……
@38
	11;-1
	4;0
	5;0
	6
	10;0
@68
	0
@0
	0
entry 7 (50, 2, 0, 0)
@0
	10;0
	1;0
	2;0
	44;160.0f;220.0f
	45;480.0f;220.0f
	46;0;0
	47;17;0
@4
	46;1;0
	42;0
@34
	10;1
	29;0
	17;あ、鈴瑚の奴がまた守矢神社で
	17;団子の屋台を出したいってさ
@38
	11;-1
	4;0
	5;0
	6
	10;0
@68
	0
@0
	0
entry 8 (100, 3, 0, 0)
@0
	10;0
	1;0
	2;0
	44;160.0f;220.0f
	45;480.0f;220.0f
	46;0;0
	47;18;0
@4
	46;2;0
	42;0
@34
	10;1
	29;0
	17;ビックリするほど、ふっかふか
	17;やっぱり地上って良いなー
@38
	11;-1
	4;0
	5;0
	6
	10;0
@68
	0
@0
	0
entry 9 (100, 4, 0, 0)
@0
	10;0
	1;0
	2;0
	44;160.0f;220.0f
	45;480.0f;220.0f
	46;0;0
	47;12;0
@4
	46;7;0
	42;0
@34
	10;1
	29;0
	17;え？　あの巫女
	17;いつも神社でそんなことを……
@38
	11;-1
	4;0
	5;0
	6
	10;0
@68
	0
@0
	0
entry 10 (100, 4, 0, 0)
@0
	10;0
	1;0
	2;0
	44;160.0f;220.0f
	45;480.0f;220.0f
	46;0;0
	47;12;0
@4
	46;1;0
	42;0
@34
	10;1
	29;0
	17;私達、獣同士気があいそうじゃん
	17;今度神社を案内してよ
@38
	11;-1
	4;0
	5;0
	6
	10;0
@68
	0
@0
	0
entry 11 (100, 5, 0, 0)
@0
	10;0
	1;0
	2;0
	44;160.0f;220.0f
	45;480.0f;220.0f
	46;0;0
	47;18;0
@4
	46;6;0
	42;0
@34
	10;1
	29;0
	17;宝玉……おっとそんなのは知らないなぁ
@38
	11;-1
	4;0
	5;0
	6
	10;0
@68
	0
@0
	0
entry 12 (100, 5, 0, 2)
@0
	10;0
	1;0
	2;0
	44;160.0f;220.0f
	45;480.0f;220.0f
	46;0;0
	47;18;0
@4
	46;4;0
	42;0
@34
	10;1
	29;0
	17;宝玉の依頼はキャンセルして
	17;別件で見つけて貰ったから
@38
	11;-1
	4;0
	5;0
	6
	10;0
@68
	0
@0
	0
entry 13 (100, 6, 0, 0)
@0
	10;0
	1;0
	2;0
	44;160.0f;220.0f
	45;480.0f;220.0f
	46;0;0
	47;18;0
@4
	46;0;0
	42;0
@34
	10;1
	29;0
	17;今頃、都のみんな何してるんだろうな
@38
	11;-1
	4;0
	5;0
	6
	10;0
@68
	0
@0
	0
entry 14 (30, 6, 0, 0)
@0
	10;0
	1;0
	2;0
	44;160.0f;220.0f
	45;480.0f;220.0f
	46;0;0
	47;18;0
@4
	46;5;0
	42;0
	17;鈴仙は何処に居るんだろう？
	17;どうせ元気だろうけど
@8
	11;-1
	4;0
	5;0
	6
	10;0
@38
	0
@0
	0
entry 15 (100, 7, 0, 0)
@0
	10;0
	1;0
	2;0
	44;160.0f;220.0f
	45;480.0f;220.0f
	46;0;0
	47;18;0
@4
	46;0;0
	42;0
@34
	10;1
	29;0
	17;こ、この強烈な死の匂いは……
	17;あんた、何処から来たの！？
@38
	11;-1
	4;0
	5;0
	6
	10;0
@68
	0
@0
	0
entry 16 (100, 8, 0, 0)
@0
	10;0
	1;0
	2;0
	44;160.0f;220.0f
	45;480.0f;220.0f
	46;0;0
	47;18;0
@4
	46;0;0
	42;0
@34
	10;1
	29;0
	17;管狐って探し物も得意なんですね！
@38
	11;-1
	4;0
	5;0
	6
	10;0
@68
	0
@0
	0
entry 17 (100, 7, 0, 2)
@0
	10;0
	1;0
	2;0
	44;160.0f;220.0f
	45;480.0f;220.0f
	46;0;0
	47;18;0
@4
	46;2;0
	42;0
@34
	10;1
	29;0
	17;宝玉の件は有難うございましたー！
@38
	11;-1
@42
	46;6;0
	42;0
	17;……えらくコストが掛かりましたけど
@46
	11;-1
	4;0
	5;0
	6
	10;0
@76
	0
@0
	0
entry 18 (100, 9, 0, 0)
@0
	10;0
	1;0
	2;0
	44;160.0f;220.0f
	45;480.0f;220.0f
	46;0;0
	47;18;0
@4
	46;5;0
	42;0
@34
	10;1
	29;0
	17;月に依存する事で魔力を保っている
	17;化け狸の親分だー
@38
	11;-1
	4;0
	5;0
	6
	10;0
@68
	0
@0
	0
entry 19 (100, 10, 0, 0)
@0
	10;0
	1;0
	2;0
	44;160.0f;220.0f
	45;480.0f;220.0f
	46;0;0
	47;18;0
@4
	46;0;0
	42;0
@34
	10;1
	29;0
	17;小賢しい妖怪ね！
	17;月の民もあんたみたいなのばっかりだけど
@38
	11;-1
	4;0
	5;0
	6
	10;0
@68
	0
@0
	0
entry 20 (100, 11, 0, 0)
@0
	10;0
	1;0
	2;0
	44;160.0f;220.0f
	45;480.0f;220.0f
	46;0;0
	47;18;0
@4
	46;7;0
	42;0
@34
	10;1
	29;0
	17;うわ、俊敏！
	17;兎を上回るなんて……やるな！
@38
	11;-1
	4;0
	5;0
	6
	10;0
@68
	0
@0
	0
entry 21 (100, 12, 0, 0)
@0
	10;0
	1;0
	2;0
	44;160.0f;220.0f
	45;480.0f;220.0f
	46;0;0
	47;15;0
@4
	46;4;0
	42;0
@34
	10;1
	29;0
	17;月の民と相性悪そうな妖怪だわ……
	17;絶対に喧嘩になる
@38
	11;-1
	4;0
	5;0
	6
	10;0
@68
	0
@0
	0
entry 22 (100, 13, 0, 0)
@0
	10;0
	1;0
	2;0
	44;160.0f;220.0f
	45;480.0f;220.0f
	46;0;0
	47;18;0
@4
	46;7;0
	42;0
@34
	10;1
	29;0
	17;え？　団子で酒を呑むの？
	17;あー、まあアリ、か
@38
	11;-1
	4;0
	5;0
	6
	10;0
@68
	0
@0
	0
entry 23 (100, 14, 0, 0)
@0
	10;0
	1;0
	2;0
	44;160.0f;220.0f
	45;480.0f;220.0f
	46;0;0
	47;18;0
@4
	46;0;0
	42;0
@34
	10;1
	29;0
	17;貴方、聖域の猿なんだ
	17;へー……
@38
	11;-1
	4;0
	5;0
	6
	10;0
@68
	0
@0
	0
entry 24 (100, 14, 0, 2)
@0
	10;0
	1;0
	2;0
	44;160.0f;220.0f
	45;480.0f;220.0f
	46;0;0
	47;18;0
@4
	46;5;0
	42;0
@34
	10;1
	29;0
	17;貴方の生まれた場所って
	17;月の都の通路として使われてるのよ
@38
	11;-1
@42
	46;0;0
	42;0
	17;だから、聖域って呼ばれてるのよ
@46
	11;-1
	4;0
	5;0
	6
	10;0
@76
	0
@0
	0
entry 25 (100, 15, 0, 0)
@0
	10;0
	1;0
	2;0
	44;160.0f;220.0f
	45;480.0f;220.0f
	46;0;0
	47;18;0
@4
	46;6;0
	42;0
@34
	10;1
	29;0
	17;そのトラバサミの形状で
	17;ちゃんと武器になるの？
@38
	11;-1
	4;0
	5;0
	6
	10;0
@68
	0
@0
	0
entry 26 (100, 15, 0, 2)
@0
	10;0
	1;0
	2;0
	44;160.0f;220.0f
	45;480.0f;220.0f
	46;0;0
	47;18;0
@4
	46;4;0
	42;0
@34
	10;1
	29;0
	17;その宝玉、私のより強力だったわね
@38
	11;-1
	4;0
	5;0
	6
	10;0
@68
	0
@0
	0
entry 27 (100, 16, 0, 0)
@0
	10;0
	1;0
	2;0
	44;160.0f;220.0f
	45;480.0f;220.0f
	46;0;0
	47;18;0
@4
	46;3;0
	42;0
@34
	10;1
	29;0
	17;む、むむむー
	17;ここまで穢れまみれの妖怪がいるなんて……
@38
	11;-1
	4;0
	5;0
	6
	10;0
@68
	0
@0
	0
entry 28 (100, 17, 0, 0)
@0
	10;0
	1;0
	2;0
	44;160.0f;220.0f
	45;480.0f;220.0f
	46;0;0
	47;14;0
@4
	46;6;0
	42;0
@34
	10;1
	29;0
	17;確かにマスクは衛生観念的に優れていますよ
	17;ただ、口を塞がないと意味が……
@38
	11;-1
	4;0
	5;0
	6
	10;0
@68
	0
@0
	0
entry 29 (100, 18, 0, 0)
@0
	10;0
	1;0
	2;0
	44;160.0f;220.0f
	45;480.0f;220.0f
	46;0;0
	47;18;0
@4
	46;2;0
	42;0
@34
	10;1
	29;0
	17;何なら、月の民より地獄の鬼の方が
	17;活き活きとしてて羨ましいです
@38
	11;-1
	4;0
	5;0
	6
	10;0
@68
	0
@0
	0
