header(0, 16, 134217730, 1073741856, 335544576, 671121408, 872417280, 0, 0, 0, 0, 0, 0, 0, 0, 0, 0, 0, 0, 0)
entry 0 (16, 19, 0, 0)
@0
	10;0
	1;0
	2;0
	44;160.0f;220.0f
	45;460.0f;220.0f
	46;1;0
	47;18;0
@4
	46;1;0
	42;0
@34
	10;1
	29;0
	17;やるぞー
@38
	11;-1
@42
	47;1;0
	43;0
	17;やるぞー
@46
	11;-1
	4;0
	5;0
	6
	10;0
@76
	52
	0
@0
	0
entry 1 (16, 19, 0, 1)
@0
	10;0
	1;0
	2;0
	44;160.0f;220.0f
	45;460.0f;220.0f
	46;1;0
	47;18;0
@4
	46;1;0
	42;0
@34
	10;1
	29;0
	17;|136,16,おこ
	17;私に勝とうなんて烏滸がましいわ！
@38
	11;-1
	4;0
	5;0
	6
	10;0
@68
	0
@0
	0
entry 2 (16, 19, 0, 2)
@0
	10;0
	1;0
	2;0
	44;160.0f;220.0f
	45;460.0f;220.0f
	46;5;0
	47;18;0
@4
	47;18;0
	43;0
@34
	10;1
	29;0
	17;くやしー
@38
	11;-1
	4;0
	5;0
	6
	10;0
@68
	0
@0
	0
entry 3 (255, 4, 0, 0)
@0
	10;0
	44;160.0f;220.0f
	45;460.0f;220.0f
	19;22
	1;0
	29;0
@4
	13;0;0
	7;0
	28;160.0f;220.0f
	17;地上は穢れで満ちてるわね
@8
	11;-1
@12
	13;4;0
	7;0
	28;160.0f;220.0f
	17;でも、それが心地良い
@16
	11;-1
@20
	13;6;0
	7;0
	28;160.0f;220.0f
	17;私も月の都じゃ無くて
	17;こういう所で暮したいなぁ
@24
	11;-1
	4;0
	10;0
	55
	18
	18
@124
	10;0
	28;160.0f;180.0f
	17;そこの兎さん
@144
	10;1
@148
	11;-1
	1;0
	2;0
	12
	13;7;0
@152
	14;0;0
	8;0
	28;460.0f;220.0f
	20;0
	17;今なら誰にも負けない気分よー
@156
	11;-1
@160
	14;0;0
	8;0
	28;460.0f;220.0f
	17;戦いましょー！
@164
	11;-1
@168
	13;1;0
	7;0
	28;160.0f;220.0f
	17;好戦的な妖怪がいるのもよし！
@172
	11;-1
	19;1
	54
	4;0
	5;0
	6
	10;0
@202
	52
	0
@0
	0
entry 4 (255, 4, 0, 1)
@0
	10;0
	1;0
	2;0
	44;160.0f;220.0f
	45;460.0f;220.0f
	46;5;0
	47;18;0
@4
	46;0;0
	42;0
@34
	10;1
	29;0
	17;長く地上にいると
	17;穢れの影響でこうなっちゃうのかな
@38
	11;-1
@42
	46;4;0
	42;0
	17;それはちょっと恥ずかしいかも
@46
	11;-1
	4;0
	5;0
	6
	10;0
@76
	0
@0
	0
entry 5 (255, 4, 0, 2)
@0
	10;0
	1;0
	2;0
	44;160.0f;220.0f
	45;460.0f;220.0f
	46;5;0
	47;18;0
@4
	46;2;0
	42;0
@34
	10;1
	29;0
	17;ほらね！
@38
	11;-1
	4;0
	5;0
	6
	10;0
@68
	0
@0
	0
entry 6 (255, 1, 0, 0)
@0
	10;0
	44;160.0f;220.0f
	45;460.0f;220.0f
	19;22
	1;0
	29;0
@4
	13;0;0
	7;0
	28;160.0f;220.0f
	17;月の宝玉を使えば
	17;住みやすい場所が作れる筈ね
@8
	11;-1
@12
	13;4;0
	7;0
	28;160.0f;220.0f
	17;無くさないように気を付けないと
@16
	11;-1
@20
	13;7;0
	7;0
	28;160.0f;220.0f
	17;あ、あそこにいるのは森の魔法使いだ
@24
	11;-1
@28
	13;6;0
	7;0
	28;160.0f;220.0f
	17;みんな、あいつは手癖が悪いって
	17;言ってたよね、気を付けよっと
@32
	11;-1
	4;0
	10;0
	55
	18
	18
@132
	10;0
	28;160.0f;180.0f
	17;お、月の兎じゃ無いか
@152
	10;1
@156
	11;-1
	1;0
	2;0
	12
	13;7;0
@160
	14;0;0
	8;0
	28;460.0f;220.0f
	20;0
	17;なんか隠し事がある顔をしているな
@164
	11;-1
@168
	14;5;0
	8;0
	28;460.0f;220.0f
	17;もしかしてなんか貴重な
	17;月のアイテムでも持ってるのか？
@172
	11;-1
@176
	13;3;0
	7;0
	28;160.0f;220.0f
	17;くっ、やられる前にやる！
@180
	11;-1
	19;1
	54
	4;0
	5;0
	6
	10;0
@210
	52
	0
@0
	0
entry 7 (255, 1, 0, 1)
@0
	10;0
	1;0
	2;0
	44;160.0f;220.0f
	45;460.0f;220.0f
	46;5;0
	47;18;0
@4
	46;5;0
	42;0
@34
	10;1
	29;0
	17;地上は油断も隙も無い
@38
	11;-1
	4;0
	5;0
	6
	10;0
@68
	0
@0
	0
entry 8 (255, 1, 0, 2)
@0
	10;0
	1;0
	2;0
	44;160.0f;220.0f
	45;460.0f;220.0f
	46;5;0
	47;18;0
@4
	46;2;0
	42;0
@34
	10;1
	29;0
	17;月の都も関係している？
	17;いやまさか、な
@38
	11;-1
	4;0
	5;0
	6
	10;0
@68
	0
@0
	0
entry 9 (255, 5, 0, 0)
@0
	10;0
	44;160.0f;220.0f
	45;460.0f;220.0f
	19;22
	1;0
	29;0
@4
	13;0;0
	7;0
	28;160.0f;220.0f
	17;あっ
@8
	11;-1
@12
	13;0;0
	7;0
	28;160.0f;220.0f
	17;あいつはトレジャーハンターだ
@16
	11;-1
@20
	13;6;0
	7;0
	28;160.0f;220.0f
	17;宝玉を持っている事を悟られないように
	17;上手く話をそらさないと
@24
	11;-1
	4;0
	10;0
	55
	18
	18
@124
	10;0
	28;160.0f;180.0f
	17;私のお宝センサーが僅かに感じる
@144
	10;1
@148
	11;-1
	1;0
	2;0
	12
	13;7;0
@152
	14;0;0
	8;0
	28;460.0f;220.0f
	20;0
	17;この辺にありそうね！
	17;宝物が！
@156
	11;-1
@160
	13;0;0
	7;0
	28;160.0f;220.0f
	29;0
	17;おや……貴方は
@164
	11;-1
@168
	13;5;0
	7;0
	28;160.0f;220.0f
	17;鉄鼠でしょ？
	17;噂は聞いた事があるわ
@172
	11;-1
@176
	14;4;0
	8;0
	28;460.0f;220.0f
	17;え？
	17;違うけど
@180
	11;-1
@184
	13;6;0
	7;0
	28;160.0f;220.0f
	17;え？
	17;でも、お寺に住んでいるって
@188
	11;-1
@192
	14;6;0
	8;0
	28;460.0f;220.0f
	17;住んでいるけど、違うよ
	17;鉄鼠じゃないよ
@196
	11;-1
@200
	13;0;0
	7;0
	28;160.0f;220.0f
	17;住んでいるなら
	17;似たようなもんでしょ
@204
	11;-1
@208
	14;3;0
	8;0
	28;460.0f;220.0f
	17;なにこの必要ないやりとりは
@212
	11;-1
@216
	14;0;0
	8;0
	28;460.0f;220.0f
	19;2
	17;……いやまて
	17;幽かにお宝センサーが反応している
@220
	11;-1
@224
	14;5;0
	8;0
	28;460.0f;220.0f
	17;……なるほど
@228
	11;-1
@232
	14;5;0
	8;0
	28;460.0f;220.0f
	17;宝玉は貴方が持っているね
@236
	11;-1
@240
	13;4;0
	7;0
	28;160.0f;220.0f
	17;え？宝玉？
	17;持ってないけど
@244
	11;-1
@248
	14;1;0
	8;0
	28;460.0f;220.0f
	17;もういい！
	17;力づくで調べるまでよ！
@252
	11;-1
	54
	4;0
	5;0
	6
	10;0
@282
	52
	0
@0
	0
entry 10 (255, 5, 0, 1)
@0
	10;0
	1;0
	2;0
	44;160.0f;220.0f
	45;460.0f;220.0f
	46;5;0
	47;11;0
@4
	46;4;0
	42;0
@34
	10;1
	29;2
	17;この鼠、しつこい！
@38
	11;-1
@42
	46;3;0
	42;0
	29;2
	17;こうなったら奥の手よ！
	17;おだてて騙し通す！
@46
	11;-1
@50
	46;0;0
	42;0
	29;0
	17;貴方の嗅覚の鋭さに驚いたわ
@54
	11;-1
@58
	46;0;0
	42;0
	17;確かにさっきまで宝玉を持っていた
@62
	11;-1
@66
	47;17;0
	43;0
	17;え？
@70
	11;-1
@74
	46;0;0
	42;0
	17;トレジャーハンターの貴方に
	17;悟られないようにしたんだけどね……
@78
	11;-1
@82
	46;2;0
	42;0
	17;さっき、欲しがってた人と
	17;良質な交換をしちゃったわ……
@86
	11;-1
@90
	46;7;0
	42;0
	29;2
	17;ってあれ？
	17;本当に持って無い！？
@94
	11;-1
@98
	46;8;0
	42;0
	17;うわー、戦いの途中で落としちゃったのかな
	17;私ったらどうしよう……
@102
	11;-1
	4;0
	5;0
	6
	10;0
@132
	0
@0
	0
entry 11 (255, 5, 0, 2)
@0
	10;0
	1;0
	2;0
	44;160.0f;220.0f
	45;460.0f;220.0f
	46;5;0
	47;18;0
@4
	46;5;0
	42;0
@34
	10;1
	29;0
	17;やっぱり怪しい
@38
	11;-1
	4;0
	5;0
	6
	10;0
@68
	0
@0
	0
entry 12 (255, 8, 0, 0)
@0
	10;0
	44;160.0f;220.0f
	45;460.0f;220.0f
	19;9
	1;0
	29;0
	4;0
	10;0
	55
	18
	18
@100
	10;0
	28;160.0f;180.0f
@120
	10;1
	1;0
	2;0
	12
	13;0;0
@124
	14;5;0
	8;0
	28;460.0f;220.0f
	20;0
	17;……なるほどね
@128
	11;-1
@132
	14;5;0
	8;0
	28;460.0f;220.0f
	17;月の兎が私に失せ物探しを依頼したいと
@136
	11;-1
@140
	13;0;0
	7;0
	28;160.0f;220.0f
	17;トレジャーハンターの鼠にもお願いしたけど
	17;いまいち信用できなくて
@144
	11;-1
@148
	13;2;0
	7;0
	28;160.0f;220.0f
	17;細かい作業が得意な管狐の貴方なら
	17;失せ物探しもお手の物だと聞きました
@152
	11;-1
@156
	14;5;0
	8;0
	28;460.0f;220.0f
	17;良いけど、私の仕事は安くは無いわよ
@160
	11;-1
@164
	13;1;0
	7;0
	28;160.0f;220.0f
	17;お金ならきっと何とかなります！
@168
	11;-1
@172
	13;0;0
	7;0
	28;160.0f;220.0f
	17;あの月の宝玉が悪用されては一大事ですし
	17;宜しくお願いします
@176
	11;-1
@180
	14;0;0
	8;0
	28;460.0f;220.0f
	13;0;0
	17;それと、もう一つ条件があるわ
@184
	11;-1
@188
	14;5;0
	8;0
	28;460.0f;220.0f
	17;弱い者の仕事は受けないように
	17;しているの
@192
	11;-1
@196
	14;6;0
	8;0
	28;460.0f;220.0f
	17;弱い奴って、拷問されたらすぐに
	17;口を割るからね
@200
	11;-1
@204
	14;1;0
	8;0
	28;460.0f;220.0f
	13;7;0
	19;14
	17;貴方がそういう奴じゃ無いと良いわね
@208
	11;-1
	54
	4;0
	5;0
	6
	10;0
@238
	52
	0
@0
	0
entry 13 (255, 8, 0, 1)
@0
	10;0
	1;0
	2;0
	44;160.0f;220.0f
	45;460.0f;220.0f
	46;5;0
	47;11;0
@4
	46;3;0
	42;0
@34
	10;1
	17;もう十分でしょ？
@38
	11;-1
@42
	46;3;0
	42;0
	17;そろそろ仕事の依頼を受けてよ
@46
	11;-1
@50
	46;6;0
	42;0
	17;あの宝玉が悪用されたら……
@54
	11;-1
@58
	47;5;0
	43;0
	17;おいおい、私を誰だと思っているのよ
@62
	11;-1
@66
	47;0;0
	43;0
	17;仕事なら、もう終わったわよ
@70
	11;-1
@74
	46;3;0
	42;0
	17;は？
@78
	11;-1
@82
	47;0;0
	43;0
	17;戦闘中に仲間を走らせてたの
	17;それっぽい物はもう見つかったよ
@86
	11;-1
@90
	46;7;0
	42;0
	17;マジで？
	17;どこどこ？
@94
	11;-1
@98
	47;0;0
	43;0
	17;魔法の森にいる妖獣が持っているね
@102
	11;-1
	50;0
@106
	47;0;0
	43;0
	17;……
@110
	11;-1
@114
	47;0;0
	43;0
	17;行っちゃった
@118
	11;-1
@122
	47;5;0
	43;0
	17;もう一つ候補があるんだけど、まいっか
@126
	11;-1
	4;0
	5;0
	6
	10;0
@156
	0
@0
	0
entry 14 (255, 8, 0, 2)
@0
	10;0
	1;0
	2;0
	44;160.0f;220.0f
	45;460.0f;220.0f
	46;5;0
	47;18;0
@4
	46;5;0
	42;0
@34
	10;1
	29;0
	17;弱さは悪よねぇ
@38
	11;-1
	4;0
	5;0
	6
	10;0
@68
	0
@0
	0
entry 15 (255, 15, 0, 0)
@0
	10;0
	44;160.0f;220.0f
	45;460.0f;220.0f
	19;22
	1;0
	29;0
@4
	13;4;0
	7;0
	28;160.0f;220.0f
	17;魔法の森って広いわね
@8
	11;-1
@12
	13;6;0
	7;0
	28;160.0f;220.0f
	17;すぐに見つかると良いんだけど
@16
	11;-1
	4;0
	10;0
	55
	18
	18
@116
	10;0
	28;160.0f;180.0f
	17;誰だ？
@136
	10;1
@140
	11;-1
	1;0
	2;0
	12
	13;7;0
@144
	14;0;0
	8;0
	28;460.0f;220.0f
	20;0
	17;何だ、兎か
@148
	11;-1
@152
	14;0;0
	8;0
	28;460.0f;220.0f
	17;私のターゲットでは無さそうね
	17;この辺は危ないから帰りなさい
@156
	11;-1
@160
	13;7;0
	7;0
	28;160.0f;220.0f
	17;あ、そのペンダントは！
@164
	11;-1
@168
	14;7;0
	8;0
	28;460.0f;220.0f
	17;ん？
@172
	11;-1
@176
	13;1;0
	7;0
	28;160.0f;220.0f
	19;16
	17;それは私の宝玉！？
@180
	11;-1
@184
	14;7;0
	8;0
	28;460.0f;220.0f
	17;これは私のよ
@188
	11;-1
@192
	14;7;0
	8;0
	28;460.0f;220.0f
	17;組長から頂いた大切な宝玉だもの
@196
	11;-1
@200
	13;1;0
	7;0
	28;160.0f;220.0f
	17;くっ、戦って取り返すしか無いのか！
@204
	11;-1
	54
	4;0
	5;0
	6
	10;0
@234
	52
	0
@0
	0
entry 16 (255, 15, 0, 1)
@0
	10;0
	1;0
	2;0
	44;160.0f;220.0f
	45;460.0f;220.0f
	46;5;0
	47;18;0
@4
	47;3;0
	43;0
@34
	10;1
	29;0
	17;何なのよ、もう
@38
	11;-1
@42
	46;3;0
	42;0
	17;この首に掛けたペンダントが見たいだけよ
@46
	11;-1
@50
	46;6;0
	42;0
	17;多分私のだと……
@54
	11;-1
@58
	47;10;0
	43;0
	17;見せても良いけど
@62
	11;-1
@66
	47;11;0
	43;0
	17;そうだとしても返さないからね！
@70
	11;-1
@74
	46;4;0
	42;0
	17;ぐっ……
	17;ま、取り敢えず見せてよ
@78
	11;-1
@82
	47;15;0
	43;0
	17;あげないよ？
@86
	11;-1
@90
	46;4;0
	42;0
	17;判ったからさ
@94
	11;-1
@98
	46;7;0
	42;0
	29;2
	17;これは……
@102
	11;-1
@106
	46;3;0
	42;0
	17;似てるけど私の宝玉じゃ、ない！？
@110
	11;-1
	51;0
@114
	46;6;0
	42;0
	29;0
	56
	17;あ、れ……？
	17;私の宝玉は……？
@234
	10;1
@238
	11;-1
	4;0
	5;0
	6
	10;0
@268
	0
@0
	0
entry 17 (255, 15, 0, 2)
@0
	10;0
	1;0
	2;0
	44;160.0f;220.0f
	45;460.0f;220.0f
	46;5;0
	47;18;0
@4
	46;3;0
	42;0
@34
	10;1
	29;0
	17;何なのよ、もう
@38
	11;-1
	4;0
	5;0
	6
	10;0
@68
	0
@0
	0
entry 18 (255, 11, 0, 0)
@0
	10;0
	44;160.0f;220.0f
	45;450.0f;220.0f
	19;23
	1;0
	29;0
@4
	13;8;0
	7;0
	28;160.0f;220.0f
	17;……あいたたた
	17;頭痛いわー
@8
	11;-1
@12
	13;8;0
	7;0
	28;160.0f;220.0f
	17;何が起きたの？
@16
	11;-1
	19;12
	4;0
	10;0
	55
	18
	18
@116
	10;0
	28;160.0f;180.0f
	17;見かけない奴だな
@136
	10;1
@140
	11;-1
	1;0
	2;0
	12
	13;7;0
@144
	14;0;0
	8;0
	28;450.0f;220.0f
	20;0
	17;私は勁牙組組長　驪駒早鬼だ
	17;お前は？
@148
	11;-1
@152
	13;8;0
	7;0
	28;160.0f;220.0f
	17;清蘭
	17;泣く子も黙る月の兎よ
@156
	11;-1
@160
	14;4;0
	8;0
	28;450.0f;220.0f
	17;月の兎！？
	17;でもお前が泣いてどうする
@164
	11;-1
@168
	13;8;0
	7;0
	28;160.0f;220.0f
	17;だって、ここ
@172
	11;-1
@176
	13;8;0
	7;0
	28;160.0f;220.0f
	17;感じたことも無い匂いで苦しくて
@180
	11;-1
@184
	14;5;0
	8;0
	28;450.0f;220.0f
	17;ああ、なるほどな
	17;月の兎には馴染み薄いか
@188
	11;-1
@192
	14;0;0
	8;0
	28;450.0f;220.0f
	17;この匂いは死の匂いだ
	17;慣れてしまえば心地良いもんさ
@196
	11;-1
@200
	13;6;0
	7;0
	28;160.0f;220.0f
	17;死の匂い！？
	17;ここは一体……
@204
	11;-1
@208
	14;0;0
	8;0
	28;450.0f;220.0f
	17;見ても判らないのか？
	17;世間知らずだなぁ
@212
	11;-1
@216
	14;0;0
	8;0
	28;450.0f;220.0f
	17;ここは地獄だ
	17;とびきりの悪人が堕ちるところさ
@220
	11;-1
@224
	13;7;0
	7;0
	28;160.0f;220.0f
	17;地獄！？
@228
	11;-1
@232
	14;6;0
	8;0
	28;450.0f;220.0f
	17;お前は何をしたんだ？
@236
	11;-1
@240
	13;8;0
	7;0
	28;160.0f;220.0f
	17;こんな仕打ち、酷いわー
	17;ただ宝玉を無くしちゃっただけなのにー
@244
	11;-1
@248
	14;7;0
	8;0
	28;450.0f;220.0f
	17;宝玉を無くした……
	17;あっはっはっは
@252
	11;-1
@256
	14;4;0
	8;0
	28;450.0f;220.0f
	17;そんなちっぽけな悪事で地獄に
	17;堕ちるわけない
@260
	11;-1
@264
	13;8;0
	7;0
	28;160.0f;220.0f
	17;で、でもー
@268
	11;-1
@272
	14;0;0
	8;0
	28;450.0f;220.0f
	19;19
	17;しょうがないなぁ
	17;私が助けてやるよ
@276
	11;-1
@280
	14;5;0
	8;0
	28;450.0f;220.0f
	17;月の兎なんて、超が付くレアものさ
@284
	11;-1
@288
	14;0;0
	8;0
	28;450.0f;220.0f
	17;こんな地獄で下らん怨霊に
	17;取り込まれちゃ勿体ない
@292
	11;-1
@296
	13;2;0
	7;0
	28;160.0f;220.0f
	17;助けてくれるの？
	17;わーい
@300
	11;-1
@304
	14;2;0
	8;0
	28;450.0f;220.0f
	17;ただ、私は今から大きな決戦を
	17;しないと行けないんだ
@308
	11;-1
@312
	14;2;0
	8;0
	28;450.0f;220.0f
	17;お前が余りにも弱かったら
	17;助ける価値は無いと見なす
@316
	11;-1
@320
	13;7;0
	7;0
	28;160.0f;220.0f
	17;でた、そういう奴ね
@324
	11;-1
@328
	13;1;0
	7;0
	28;160.0f;220.0f
	17;もう大丈夫
	17;死の匂いに慣れたから！
@332
	11;-1
@336
	14;0;0
	8;0
	28;450.0f;220.0f
	17;泣いていた兎はもういないようね
@340
	11;-1
@344
	14;1;0
	8;0
	28;450.0f;220.0f
	17;頼もしい、全力でかかってきな！
@348
	11;-1
	54
	4;0
	5;0
	6
	10;0
@378
	52
	0
@0
	0
entry 19 (255, 11, 0, 1)
@0
	10;0
@120
	10;0
@180
	21
@300
	22
	0
@0
	0
entry 20 (255, 11, 0, 2)
@0
	10;0
	1;0
	2;0
	44;160.0f;220.0f
	45;450.0f;220.0f
	46;5;0
	47;18;0
@4
	46;0;0
	42;0
@34
	10;1
	29;0
	17;残念、助ける価値なし、だな
@38
	11;-1
	4;0
	5;0
	6
	10;0
@68
	0
@0
	0
