header(0, 805306400, 67108866, 603979784, 939589632, 536875008, 872677376, 0, 0, 0, 0, 0, 0, 0, 0, 0, 0, 0, 0, 0)
entry 0 (16, 19, 0, 0)
@0
	10;0
	1;0
	2;0
	44;160.0f;220.0f
	45;460.0f;220.0f
	46;1;0
	47;18;0
@4
	46;1;0
	42;0
@34
	10;1
	29;0
	17;やるぞー
@38
	11;-1
@42
	47;1;0
	43;0
	17;やるぞー
@46
	11;-1
	4;0
	5;0
	6
	10;0
@76
	52
	0
@0
	0
entry 1 (16, 19, 0, 1)
@0
	10;0
	1;0
	2;0
	44;160.0f;220.0f
	45;460.0f;220.0f
	46;1;0
	47;18;0
@4
	46;1;0
	42;0
@34
	10;1
	29;0
	17;|136,16,おこ
	17;私に勝とうなんて烏滸がましいわ！
@38
	11;-1
	4;0
	5;0
	6
	10;0
@68
	0
@0
	0
entry 2 (16, 19, 0, 2)
@0
	10;0
	1;0
	2;0
	44;160.0f;220.0f
	45;460.0f;220.0f
	46;5;0
	47;18;0
@4
	47;18;0
	43;0
@34
	10;1
	29;0
	17;くやしー
@38
	11;-1
	4;0
	5;0
	6
	10;0
@68
	0
@0
	0
entry 3 (255, 5, 0, 0)
@0
	10;0
	44;160.0f;220.0f
	45;460.0f;220.0f
	19;22
	1;0
	29;0
@4
	13;0;0
	7;0
	28;160.0f;220.0f
	17;いいなー、地上は
@8
	11;-1
@12
	13;5;0
	7;0
	28;160.0f;220.0f
	17;こんなお祭をやるなんて
	17;サイコーね！
@16
	11;-1
	4;0
	10;0
	55
	18
	18
@116
	10;0
	28;160.0f;180.0f
	17;うわっ、お燐
@136
	10;1
@140
	11;-1
	1;0
	2;0
	12
	13;7;0
@144
	14;6;0
	8;0
	28;460.0f;220.0f
	20;0
	17;何でこんなところに？
@148
	11;-1
@152
	13;5;0
	7;0
	28;160.0f;220.0f
	17;|8,16,ここ
	17;地上はお宝で一杯ね！
@156
	11;-1
@160
	13;2;0
	7;0
	28;160.0f;220.0f
	17;幽霊大放出祭してるんなら
	17;教えてよー
@164
	11;-1
@168
	13;1;0
	7;0
	28;160.0f;220.0f
	17;あたいの大好物なんだから！
@172
	11;-1
	19;1
	54
	4;0
	5;0
	6
	10;0
@202
	52
	0
@0
	0
entry 4 (255, 5, 0, 1)
@0
	10;0
	1;0
	2;0
	44;160.0f;220.0f
	45;460.0f;220.0f
	46;5;0
	47;18;0
@4
	46;4;0
	42;0
@34
	10;1
	29;0
	17;同じ地底仲間だったしさ
	17;そんなに邪険に扱わなくても良いじゃない
@38
	11;-1
@42
	47;6;0
	43;0
	17;猫は苦手なの
	17;判るでしょ？
@46
	11;-1
@50
	46;2;0
	42;0
	17;何言ってんのよー
	17;あたい、鼠なんか食べないわよー
@54
	11;-1
@58
	46;0;0
	42;0
	17;生きている鼠は
@62
	11;-1
	4;0
	5;0
	6
	10;0
@92
	0
@0
	0
entry 5 (255, 5, 0, 2)
@0
	10;0
	1;0
	2;0
	44;160.0f;220.0f
	45;460.0f;220.0f
	46;5;0
	47;18;0
@4
	46;6;0
	42;0
@34
	10;1
	29;0
	17;猫は苦手なんだよねー
@38
	11;-1
@42
	46;7;0
	42;0
	17;は、星様もネコ科だった
@46
	11;-1
	4;0
	5;0
	6
	10;0
@76
	0
@0
	0
entry 6 (255, 1, 0, 0)
@0
	10;0
	44;160.0f;220.0f
	45;460.0f;220.0f
	19;22
	1;0
	29;0
@4
	13;2;0
	7;0
	28;160.0f;220.0f
	17;人間の里も幽霊だらけね
@8
	11;-1
@12
	13;6;0
	7;0
	28;160.0f;220.0f
	17;この中に怨霊が混ざってたりして……
@16
	11;-1
@20
	13;5;0
	7;0
	28;160.0f;220.0f
	17;そんな訳無いよね
@24
	11;-1
	4;0
	10;0
	55
	18
	18
@124
	10;0
	28;160.0f;180.0f
	17;お燐？
@144
	10;1
@148
	11;-1
	1;0
	2;0
	12
	13;7;0
@152
	14;5;0
	8;0
	28;460.0f;220.0f
	20;0
	17;余り里に近づくなよ？
	17;そんなに幽霊携えてさ
@156
	11;-1
@160
	13;2;0
	7;0
	28;160.0f;220.0f
	17;大丈夫よ、こんなに幽霊だらけ
	17;なんだからバレやしないさ
@164
	11;-1
@168
	14;4;0
	8;0
	28;460.0f;220.0f
	17;バレるバレないじゃ
	17;無いと思うんだが
@172
	11;-1
@176
	13;2;0
	7;0
	28;160.0f;220.0f
	17;荷車一杯の幽霊か死体を捕まえたら
	17;すぐ帰るって
@180
	11;-1
@184
	14;4;0
	8;0
	28;460.0f;220.0f
	17;乱獲しすぎじゃね？
@188
	11;-1
	19;1
	54
	4;0
	5;0
	6
	10;0
@218
	52
	0
@0
	0
entry 7 (255, 1, 0, 1)
@0
	10;0
	1;0
	2;0
	44;160.0f;220.0f
	45;460.0f;220.0f
	46;5;0
	47;18;0
@4
	46;0;0
	42;0
@34
	10;1
	29;0
	17;さて、そろそろおうちに戻ろうかな
@38
	11;-1
@42
	47;14;0
	43;0
	17;捕まえた幽霊で
	17;荷車一杯になっちゃったか
@46
	11;-1
	4;0
	5;0
	6
	10;0
@76
	0
@0
	0
entry 8 (255, 1, 0, 2)
@0
	10;0
	1;0
	2;0
	44;160.0f;220.0f
	45;460.0f;220.0f
	46;5;0
	47;18;0
@4
	46;6;0
	42;0
@34
	10;1
	29;0
	17;どうせなら幽霊全部
	17;捕まえてくれても良いんだぜ
@38
	11;-1
	4;0
	5;0
	6
	10;0
@68
	0
@0
	0
entry 9 (255, 3, 0, 0)
@0
	10;0
	44;160.0f;220.0f
	45;460.0f;220.0f
	19;22
	1;0
	29;0
@4
	13;2;0
	7;0
	28;160.0f;220.0f
	17;いやー、大収穫だったわ
@8
	11;-1
@12
	13;1;0
	7;0
	28;160.0f;220.0f
	17;幽霊取り放題のうちに
	17;また行こうっと
@16
	11;-1
@20
	13;1;0
	7;0
	28;160.0f;220.0f
	17;あれ？
	17;あそこにいるのは……
@24
	11;-1
	4;0
	10;0
	55
	18
	18
@124
	10;0
	28;160.0f;180.0f
	17;ん？　誰？
@144
	10;1
@148
	11;-1
	1;0
	2;0
	12
	13;7;0
@152
	14;5;0
	8;0
	28;460.0f;220.0f
	20;0
	17;何だ、お燐か
@156
	11;-1
@160
	13;7;0
	7;0
	28;160.0f;220.0f
	17;見慣れない奴がいると思ったら
	17;まさかの九尾の狐だなんて
@164
	11;-1
@168
	14;0;0
	8;0
	28;460.0f;220.0f
	17;よく、うちの橙と遊んでくれているようで
	17;その節はどうも
@172
	11;-1
@176
	13;0;0
	7;0
	28;160.0f;220.0f
	17;あ、どうも
@180
	11;-1
@184
	14;4;0
	8;0
	28;460.0f;220.0f
	17;お陰であの可愛かった橙が
	17;死体を見つけて嬉々とするようになったわ
@188
	11;-1
@192
	13;2;0
	7;0
	28;160.0f;220.0f
	17;にゃははー
	17;教育した甲斐があったわー
@196
	11;-1
@200
	13;6;0
	7;0
	28;160.0f;220.0f
	17;ところで何の用？
@204
	11;-1
@208
	14;0;0
	8;0
	28;460.0f;220.0f
	17;地上で起きている異変について
	17;何か知ってる？
@212
	11;-1
@216
	13;7;0
	7;0
	28;160.0f;220.0f
	17;異変、あー、幽霊大放出祭のこと？
@220
	11;-1
@224
	13;2;0
	7;0
	28;160.0f;220.0f
	17;最高だよね！
	17;死の匂いがそこら中からして
@228
	11;-1
@232
	13;2;0
	7;0
	28;160.0f;220.0f
	17;地上であんな粋なイベントをするなんて
	17;思ってなかったわ
@236
	11;-1
@240
	13;7;0
	7;0
	28;160.0f;220.0f
	17;主催者は誰？
	17;もしかして貴方の所のあいつ？
@244
	11;-1
@248
	14;3;0
	8;0
	28;460.0f;220.0f
	17;あ、ごめん、やっぱいいです
	17;話の通じる相手ではなかったわ
@252
	11;-1
	19;2
	54
	4;0
	5;0
	6
	10;0
@282
	52
	0
@0
	0
entry 10 (255, 3, 0, 1)
@0
	10;0
	1;0
	2;0
	44;160.0f;220.0f
	45;460.0f;220.0f
	46;5;0
	47;18;0
@4
	46;2;0
	42;0
@34
	10;1
	29;0
	17;幽霊の調査をしにここまで来たの？
@38
	11;-1
@42
	47;10;0
	43;0
	17;地上だけの調査では埒が空かないんでね
@46
	11;-1
@50
	46;0;0
	42;0
	17;良いことを教えてあげる
@54
	11;-1
@58
	46;0;0
	42;0
	17;ここよりも深い地の底から新しい幽霊が
	17;湧いて出てきているみたい
@62
	11;-1
@66
	47;17;0
	43;0
	17;新しい幽霊が湧いてくる、か
	17;良い情報をありがとう
@70
	11;-1
	51;0
@74
	46;5;0
	42;0
	17;怨霊から怨みも何もかも薄れた
	17;抜け殻のような霊……
@78
	11;-1
@82
	46;6;0
	42;0
	17;余りあたいの好みではないんだけどねぇ
@86
	11;-1
@90
	46;5;0
	42;0
	17;しょうがない
	17;おもい腰を上げて仕事するか
@94
	11;-1
	4;0
	5;0
	6
	10;0
@124
	0
@0
	0
entry 11 (255, 3, 0, 2)
@0
	10;0
	1;0
	2;0
	44;160.0f;220.0f
	45;460.0f;220.0f
	46;5;0
	47;18;0
@4
	46;3;0
	42;0
@34
	10;1
	29;0
	17;今度から、橙と遊ぶときは
	17;死体遊びはやめてね
@38
	11;-1
	4;0
	5;0
	6
	10;0
@68
	0
@0
	0
entry 12 (255, 16, 0, 0)
@0
	10;0
	44;160.0f;220.0f
	45;460.0f;220.0f
	19;23
	1;0
	29;0
@4
	13;0;0
	7;0
	28;160.0f;220.0f
	17;|8,16,こんなところ
	17;旧血の池地獄に来る嵌めになるとはね
@8
	11;-1
@12
	13;4;0
	7;0
	28;160.0f;220.0f
	17;見て見ぬ振りは出来ない、か
@16
	11;-1
@20
	13;0;0
	7;0
	28;160.0f;220.0f
	17;おーい、何処にいるの？
	17;天火人のちやりちゃん
@24
	11;-1
	4;0
	10;0
	55
	18
	18
@124
	10;0
	28;160.0f;180.0f
	17;あー何だい
@144
	10;1
@148
	11;-1
	1;0
	2;0
	12
	13;0;0
@152
	14;5;0
	8;0
	28;460.0f;220.0f
	20;0
	17;久しぶりだねぇ、元気にしてた？
	17;火車のお燐ちゃん
@156
	11;-1
@160
	14;0;0
	8;0
	28;460.0f;220.0f
	17;今日は何？
@164
	11;-1
@168
	13;7;0
	7;0
	28;160.0f;220.0f
	17;いやさ、地上の異変について調査している奴が
	17;ここに来そうだよ
@172
	11;-1
@176
	13;6;0
	7;0
	28;160.0f;220.0f
	17;さっきも地上の狐が来てたもん
	17;巫女とか来ちゃうかもよ
@180
	11;-1
@184
	14;6;0
	8;0
	28;460.0f;220.0f
	17;あー？
	17;地上の異変だー？
@188
	11;-1
@192
	13;4;0
	7;0
	28;160.0f;220.0f
	17;アレでしょ？
	17;|164,8,とうてつ
	17;犯人は最近ここに来た饕餮って畜生なんでしょ？
@196
	11;-1
@200
	13;0;0
	7;0
	28;160.0f;220.0f
	17;|56,16,・・
	17;きっとまたおっきな戦いになるって
@204
	11;-1
@208
	13;1;0
	7;0
	28;160.0f;220.0f
	17;巻き込まれないように
	17;隠れてた方が良いかもよ
@212
	11;-1
@216
	14;5;0
	8;0
	28;460.0f;220.0f
	17;ふっふっふ
	17;何を馬鹿な事を
@220
	11;-1
@224
	14;4;0
	8;0
	28;460.0f;220.0f
	17;こんな、世界の果てみたいな所で
	17;これ以上隠れる事が出来るもんかい
@228
	11;-1
@232
	14;2;0
	8;0
	28;460.0f;220.0f
	17;それにさ、私は饕餮と友達になったんだよ
@236
	11;-1
@240
	13;7;0
	7;0
	28;160.0f;220.0f
	17;ふぁ！？
@244
	11;-1
@248
	14;5;0
	8;0
	28;460.0f;220.0f
	19;17
	17;今は、立派な剛欲同盟の団員さ
	17;驚いた？
@252
	11;-1
@256
	13;7;0
	7;0
	28;160.0f;220.0f
	17;な……え？
	17;な！？
@260
	11;-1
@264
	13;4;0
	7;0
	28;160.0f;220.0f
	17;そう、じゃあもう戦いは避けられないか
@268
	11;-1
@272
	14;7;0
	8;0
	28;460.0f;220.0f
	17;あれ？
	17;そうで無くても戦ってくれると思ってたけど
@276
	11;-1
@280
	13;0;0
	7;0
	28;160.0f;220.0f
	17;あっはっは、そりゃそうだ
@284
	11;-1
@288
	13;1;0
	7;0
	28;160.0f;220.0f
	17;戦い無くして、死体は生まれないからね！
@292
	11;-1
@296
	14;1;0
	8;0
	28;460.0f;220.0f
	17;ねー！
@300
	11;-1
	54
	4;0
	5;0
	6
	10;0
@330
	52
	0
@0
	0
entry 13 (255, 16, 0, 1)
@0
	10;0
	1;0
	2;0
	44;160.0f;220.0f
	45;460.0f;220.0f
	46;5;0
	47;12;0
@4
	46;2;0
	42;0
@34
	10;1
	29;0
	17;あーたのし！
@38
	11;-1
@42
	46;0;0
	42;0
	17;そろそろさっき言った狐が
	17;来ちゃうかもなー
@46
	11;-1
@50
	46;0;0
	42;0
	17;ちなみに饕餮は何処に居るの？
@54
	11;-1
@58
	47;10;0
	43;0
	17;畜生界にいるんじゃないかな
	17;何でも地上征服には大きな仕掛けが必要だとかで……
@62
	11;-1
@66
	46;1;0
	42;0
	17;乗りかかった船だ
	17;饕餮にも挨拶行ってくるかー
@70
	11;-1
	4;0
	5;0
	6
	10;0
@100
	0
@0
	0
entry 14 (255, 16, 0, 2)
@0
	10;0
	1;0
	2;0
	44;160.0f;220.0f
	45;460.0f;220.0f
	46;5;0
	47;18;0
@4
	46;2;0
	42;0
@34
	10;1
	29;0
	17;あーたのし！
@38
	11;-1
	4;0
	5;0
	6
	10;0
@68
	0
@0
	0
entry 15 (255, 12, 0, 0)
@0
	10;0
	44;160.0f;220.0f
	45;450.0f;300.0f
	19;23
	1;0
	29;0
@4
	13;7;0
	7;0
	28;160.0f;220.0f
	17;ふわー、畜生界ってこんな洒落てるの？
@8
	11;-1
@12
	13;4;0
	7;0
	28;160.0f;220.0f
	17;こりゃ旧地獄がど田舎って言われても
	17;しょうがないな
@16
	11;-1
@20
	13;0;0
	7;0
	28;160.0f;220.0f
	17;おーい、饕餮ー
	17;いるー？
@24
	11;-1
	4;0
	10;0
	55
	18
	18
@124
	10;0
	28;160.0f;180.0f
	17;フランクに私を呼ぶのは誰だ？
@144
	10;1
@148
	11;-1
	1;0
	2;0
	12
	13;7;0
@152
	14;0;0
	8;0
	28;450.0f;300.0f
	20;0
	17;やっぱり地霊殿とこのお燐か
	17;こんなところに珍しいな
@156
	11;-1
@160
	14;5;0
	8;0
	28;450.0f;300.0f
	17;何の用だ？
@164
	11;-1
@168
	13;5;0
	7;0
	28;160.0f;220.0f
	17;ねー、地上の異変ってさ
	17;あんたの仕業なんでしょ？
@172
	11;-1
@176
	14;5;0
	8;0
	28;450.0f;300.0f
	17;異変、か
	17;だとしたらどうする？
@180
	11;-1
@184
	13;5;0
	7;0
	28;160.0f;220.0f
	29;1
	17;幽霊だらけでサイコー！
@188
	11;-1
@192
	13;5;0
	7;0
	28;160.0f;220.0f
	29;0
	17;って伝えたくて
@196
	11;-1
@200
	14;4;0
	8;0
	28;450.0f;300.0f
	17;ふ、何だそりゃ
	17;冗談のつもりか
@204
	11;-1
@208
	14;0;0
	8;0
	28;450.0f;300.0f
	17;だが、その賛美は辞退するよ
@212
	11;-1
@216
	14;5;0
	8;0
	28;450.0f;300.0f
	17;私は地上に幽霊をばらまいたり
	17;なんかしてないからな
@220
	11;-1
@224
	13;6;0
	7;0
	28;160.0f;220.0f
	17;あらそうなの
	17;仲間を増やしたりしてたからてっきり
@228
	11;-1
@232
	14;0;0
	8;0
	28;450.0f;300.0f
	19;13
	17;お前、天火人に会ったか？
	17;いや、会っただろ？
@236
	11;-1
@240
	13;7;0
	7;0
	28;160.0f;220.0f
	17;え？　ええ
@244
	11;-1
@248
	14;3;0
	8;0
	28;450.0f;300.0f
	17;そうか、じゃあちょっと試すぞ
@252
	11;-1
@256
	13;6;0
	7;0
	28;160.0f;220.0f
	17;え？
@260
	11;-1
	54
	4;0
	5;0
	6
	10;0
@290
	52
	0
@0
	0
entry 16 (255, 12, 0, 1)
@0
	10;0
	1;0
	2;0
	44;160.0f;220.0f
	45;450.0f;300.0f
	46;5;0
	47;18;0
@4
	47;18;0
	43;0
@34
	10;1
	29;0
	17;もう十分だ
@38
	11;-1
@42
	47;10;0
	43;0
	17;お前はただの火車だ
@46
	11;-1
@50
	46;0;0
	42;0
	17;そりゃそうだけど
	17;何を試したのよ
@54
	11;-1
@58
	47;10;0
	43;0
	17;あの天火人さ
	17;急に私の仲間になると言ってきたんだ
@62
	11;-1
@66
	46;6;0
	42;0
	17;へー、あのちやりちゃんがねぇ
	17;意外というか、不自然というか……
@70
	11;-1
@74
	47;10;0
	43;0
	17;断る必要もないんでね
	17;好きにさせてたんだが……
@78
	11;-1
@82
	47;16;0
	43;0
	17;彼奴の蓄えていた血に
	17;何か不審な試験管が混ざってたんだよ
@86
	11;-1
@90
	46;6;0
	42;0
	17;不審な試験管……？
@94
	11;-1
@98
	47;15;0
	43;0
	17;私が持っている
	17;見てみるか？
@102
	11;-1
@106
	46;6;0
	42;0
	17;ええ……
@110
	11;-1
@114
	47;15;0
	43;0
	56
	17;ほら、もっと近くによりな……
@234
	10;1
@238
	11;-1
	4;0
	5;0
	6
	10;0
@268
	0
@0
	0
entry 17 (255, 12, 0, 2)
@0
	10;0
	1;0
	2;0
	44;160.0f;220.0f
	45;450.0f;300.0f
	46;5;0
	47;18;0
@4
	46;3;0
	42;0
@34
	10;1
	29;0
	17;勘違い、か
	17;彼奴の息はかかっていないか
@38
	11;-1
	4;0
	5;0
	6
	10;0
@68
	0
@0
	0
entry 18 (255, 18, 0, 0)
@0
	10;0
	44;160.0f;220.0f
	45;450.0f;200.0f
	19;23
	1;0
	29;0
@4
	13;6;0
	7;0
	28;160.0f;220.0f
	17;……ここは
@8
	11;-1
@12
	13;6;0
	7;0
	28;160.0f;220.0f
	17;この饐えた匂いのする感じは……！
@16
	11;-1
@20
	13;7;0
	7;0
	28;160.0f;220.0f
	17;地獄だ！
@24
	11;-1
	4;0
	10;0
	55
	18
	18
@124
	10;0
	28;160.0f;180.0f
	17;目が覚めたか
@144
	10;1
@148
	11;-1
	1;0
	2;0
	12
	13;7;0
@152
	14;0;0
	8;0
	28;450.0f;200.0f
	17;一部始終を見ていたぞ
@156
	11;-1
@160
	14;5;0
	8;0
	28;450.0f;200.0f
	17;饕餮の奴、随分と性格悪いのう
@164
	11;-1
@168
	14;5;0
	8;0
	28;450.0f;200.0f
	17;いったん心を開いたように見せて
	17;罠に掛けるなんて
@172
	11;-1
@176
	13;7;0
	7;0
	28;160.0f;220.0f
	17;わ、罠？
@180
	11;-1
@184
	13;6;0
	7;0
	28;160.0f;220.0f
	17;まあ確かにさっきのは移送の罠か
	17;何かっぽい……けど
@188
	11;-1
@192
	13;7;0
	7;0
	28;160.0f;220.0f
	17;って、思い出したよ！
	17;その不敵な顔を！
@196
	11;-1
@200
	13;7;0
	7;0
	28;160.0f;220.0f
	17;口一つで地獄を乗っ取ったあの人間
	17;|5,10,にっぱく　ざんむ
	17;日白　残無！
@204
	11;-1
@208
	14;0;0
	8;0
	28;450.0f;200.0f
	20;0
	17;いかにも
@212
	11;-1
@216
	13;7;0
	7;0
	28;160.0f;220.0f
	17;古い地獄を切り捨てて旧地獄を作ったのも
	17;あんた……いや貴方だ
@220
	11;-1
@224
	14;2;0
	8;0
	28;450.0f;200.0f
	29;0
	19;19
	17;ふふっ
@228
	11;-1
@232
	14;2;0
	8;0
	28;450.0f;200.0f
	17;昔話をしに来たのか？
@236
	11;-1
@240
	13;3;0
	7;0
	28;160.0f;220.0f
	17;そもそも自分の意思でここに来てないわよ
@244
	11;-1
@248
	13;6;0
	7;0
	28;160.0f;220.0f
	29;3
	17;だけど……いやまさか
@252
	11;-1
@256
	14;5;0
	8;0
	28;450.0f;200.0f
	29;0
	17;儂のことを知っているお前なら
	17;直感でわかるだろう
@260
	11;-1
@264
	14;0;0
	8;0
	28;450.0f;200.0f
	17;儂が出てきたという事は
	17;もうお前の出る幕はないと
@268
	11;-1
@272
	14;1;0
	8;0
	28;450.0f;200.0f
	29;1
	17;全ては儂の掌の上で
	17;踊らされているという事を！
@276
	11;-1
	54
	4;0
	5;0
	6
	10;0
@306
	52
	0
@0
	0
entry 19 (255, 18, 0, 1)
@0
	10;0
@120
	10;0
@180
	21
@300
	22
	0
@0
	0
entry 20 (255, 18, 0, 2)
@0
	10;0
	1;0
	2;0
	44;160.0f;220.0f
	45;450.0f;200.0f
	46;5;0
	47;18;0
@4
	46;0;0
	42;0
@34
	10;1
	29;0
	17;世界は予定通りに進んでしまう
@38
	11;-1
@42
	46;6;0
	42;0
	17;残念じゃ
@46
	11;-1
	4;0
	5;0
	6
	10;0
@76
	0
@0
	0
