header(0, 0, 0, 0, 0, 0, 0, 0, 0, 0, 0, 0, 0, 0, 0, 0, 0, 0, 0, 0)
entry 0 (16, 19, 0, 0)
@0
	10;0
	1;0
	2;0
	44;160.0f;220.0f
	45;480.0f;220.0f
	46;1;0
	47;18;0
@4
	46;1;0
	42;0
@34
	10;1
	29;0
	17;やったわ
@38
	11;-1
	4;0
	5;0
	6
	10;0
@68
	0
@0
	0
entry 1 (100, 0, 0, 0)
@0
	10;0
	1;0
	2;0
	44;160.0f;220.0f
	45;480.0f;220.0f
	46;6;0
	47;18;0
@4
	46;5;0
	42;0
@34
	10;1
	29;0
	17;貴方が手こずれば手こずるほどに
	17;私が得をしますので
@38
	11;-1
	4;0
	5;0
	6
	10;0
@68
	0
@0
	0
entry 2 (100, 0, 0, 2)
@0
	10;0
	1;0
	2;0
	44;160.0f;220.0f
	45;480.0f;220.0f
	46;6;0
	47;18;0
@4
	46;6;0
	42;0
	17;やっぱり、貴方を殺すのは無理ですよ
	17;キャンセルね、キャンセル
@8
	11;-1
	4;0
	5;0
	6
	10;0
@38
	0
@0
	0
entry 3 (50, 1, 0, 0)
@0
	10;0
	1;0
	2;0
	44;160.0f;220.0f
	45;480.0f;220.0f
	46;0;0
	47;17;0
@4
	46;0;0
	42;0
@34
	10;1
	29;0
	17;あら、この試験管に興味があるの？
	17;依頼料を払えば貸してあげるけど
@38
	11;-1
	4;0
	5;0
	6
	10;0
@68
	0
@0
	0
entry 4 (100, 2, 0, 0)
@0
	10;0
	1;0
	2;0
	44;160.0f;220.0f
	45;480.0f;220.0f
	46;0;0
	47;17;0
@4
	46;5;0
	42;0
@34
	10;1
	29;0
	17;守矢神社に妖怪が来たので
	17;追い払っておきましたよ
@38
	11;-1
	4;0
	5;0
	6
	10;0
@68
	0
@0
	0
entry 5 (100, 3, 0, 0)
@0
	10;0
	1;0
	2;0
	44;160.0f;220.0f
	45;480.0f;220.0f
	46;0;0
	47;18;0
@4
	46;5;0
	42;0
@34
	10;1
	29;0
	17;|99,7,こうきゅうなきつね
	17;これはこれは九尾の狐様……
	17;下賤な私に何か用です？
@38
	11;-1
	4;0
	5;0
	6
	10;0
@68
	0
@0
	0
entry 6 (100, 4, 0, 0)
@0
	10;0
	1;0
	2;0
	44;160.0f;220.0f
	45;480.0f;220.0f
	46;0;0
	47;18;0
@4
	46;0;0
	42;0
@34
	10;1
	29;0
	17;間借りするなら博麗神社の方が良かったけど
	17;既にあんたがいたからねぇ
@38
	11;-1
	4;0
	5;0
	6
	10;0
@68
	0
@0
	0
entry 7 (100, 5, 0, 0)
@0
	10;0
	1;0
	2;0
	44;160.0f;220.0f
	45;480.0f;220.0f
	46;0;0
	47;18;0
@4
	46;6;0
	42;0
@34
	10;1
	29;0
	17;探し物は本当の仕事では無いのよ
	17;だから、お前の仕事の邪魔はしないわ
@38
	11;-1
	4;0
	5;0
	6
	10;0
@68
	0
@0
	0
entry 8 (100, 6, 0, 0)
@0
	10;0
	1;0
	2;0
	44;160.0f;220.0f
	45;480.0f;220.0f
	46;0;0
	47;18;0
@4
	46;5;0
	42;0
@34
	10;1
	29;0
	17;月って意外と近いのかなぁ
	17;ちょっと行ってみたいなぁ
@38
	11;-1
	4;0
	5;0
	6
	10;0
@68
	0
@0
	0
entry 9 (100, 6, 0, 2)
@0
	10;0
	1;0
	2;0
	44;160.0f;220.0f
	45;480.0f;220.0f
	46;0;0
	47;18;0
@4
	46;4;0
	42;0
@34
	10;1
	29;0
	17;ほんと、月の宝玉にはがっかりだよ
@38
	11;-1
	4;0
	5;0
	6
	10;0
@68
	0
@0
	0
entry 10 (100, 7, 0, 0)
@0
	10;0
	1;0
	2;0
	44;160.0f;220.0f
	45;480.0f;220.0f
	46;0;0
	47;18;0
@4
	46;3;0
	42;0
@34
	10;1
	29;0
	17;あ、幽霊でも動物霊でもなく、怨霊！？
	17;いやいや、これ以上余計な奴入れないでよ
@38
	11;-1
	4;0
	5;0
	6
	10;0
@68
	0
@0
	0
entry 11 (100, 8, 0, 0)
@0
	10;0
	1;0
	2;0
	44;160.0f;220.0f
	45;480.0f;220.0f
	46;0;0
	47;18;0
@4
	46;2;0
	42;0
@34
	10;1
	29;0
	17;私の真似っこ、ご苦労さん
@38
	11;-1
	4;0
	5;0
	6
	10;0
@68
	0
@0
	0
entry 12 (100, 9, 0, 0)
@0
	10;0
	1;0
	2;0
	44;160.0f;220.0f
	45;480.0f;220.0f
	46;0;0
	47;18;0
@4
	46;5;0
	42;0
@34
	10;1
	29;0
	17;これはこれは、化け狸の大親分様……
	17;次は手加減して差し上げましょうか？
@38
	11;-1
	4;0
	5;0
	6
	10;0
@68
	0
@0
	0
entry 13 (100, 10, 0, 0)
@0
	10;0
	1;0
	2;0
	44;160.0f;220.0f
	45;480.0f;220.0f
	46;0;0
	47;18;0
@4
	46;0;0
	42;0
@34
	10;1
	29;0
	17;見た感じ、鬼傑組の弱点はカワウソ霊の緩慢さ
	17;なんじゃない？
@38
	11;-1
	4;0
	5;0
	6
	10;0
@68
	0
@0
	0
entry 14 (100, 10, 0, 2)
@0
	10;0
	1;0
	2;0
	44;160.0f;220.0f
	45;480.0f;220.0f
	46;0;0
	47;18;0
@4
	46;1;0
	42;0
@34
	10;1
	29;0
	17;八千慧どの、依頼通り管狐を遣わせましたよ
@38
	11;-1
	4;0
	5;0
	6
	10;0
@68
	0
@0
	0
entry 15 (100, 11, 0, 0)
@0
	10;0
	1;0
	2;0
	44;160.0f;220.0f
	45;480.0f;220.0f
	46;0;0
	47;18;0
@4
	46;4;0
	42;0
@34
	10;1
	29;0
	17;最終的に勁牙組が暴力で蹂躙するのが
	17;もっとも畜生っぽいと思うんだけどね
@38
	11;-1
	4;0
	5;0
	6
	10;0
@68
	0
@0
	0
entry 16 (100, 11, 0, 2)
@0
	10;0
	1;0
	2;0
	44;160.0f;220.0f
	45;480.0f;220.0f
	46;0;0
	47;18;0
@4
	46;4;0
	42;0
@34
	10;1
	29;0
	17;誤解ですって……
	17;勁牙組が地上の制圧に一番近いと思ってますし
@38
	11;-1
	4;0
	5;0
	6
	10;0
@68
	0
@0
	0
entry 17 (100, 12, 0, 0)
@0
	10;0
	1;0
	2;0
	44;160.0f;220.0f
	45;480.0f;220.0f
	46;0;0
	47;11;0
@4
	46;6;0
	42;0
@34
	10;1
	29;0
	17;あー、ちょっと苦手なのよね
	17;本物の暴力は
@38
	11;-1
	4;0
	5;0
	6
	10;0
@68
	0
@0
	0
entry 18 (100, 13, 0, 0)
@0
	10;0
	1;0
	2;0
	44;160.0f;220.0f
	45;480.0f;220.0f
	46;0;0
	47;18;0
@4
	46;0;0
	42;0
@34
	10;1
	29;0
	17;なんか、裏でちょこちょこ動いてません？
	17;お話聞かせて貰えないかしら
@38
	11;-1
	4;0
	5;0
	6
	10;0
@68
	0
@0
	0
entry 19 (100, 14, 0, 0)
@0
	10;0
	1;0
	2;0
	44;160.0f;220.0f
	45;480.0f;220.0f
	46;0;0
	47;18;0
@4
	46;0;0
	42;0
@34
	10;1
	29;0
	17;その棒から、私の管と同じような匂いがするな……
@38
	11;-1
	4;0
	5;0
	6
	10;0
@68
	0
@0
	0
entry 20 (100, 14, 0, 2)
@0
	10;0
	1;0
	2;0
	44;160.0f;220.0f
	45;480.0f;220.0f
	46;0;0
	47;18;0
@4
	46;6;0
	42;0
@34
	10;1
	29;0
	17;上司のパートナーである私を疑うなんて、
	17;なんでそんな酷い事が出来るんでしょう？
@38
	11;-1
	4;0
	5;0
	6
	10;0
@68
	0
@0
	0
entry 21 (100, 15, 0, 0)
@0
	10;0
	1;0
	2;0
	44;160.0f;220.0f
	45;480.0f;220.0f
	46;0;0
	47;18;0
@4
	46;0;0
	42;0
@34
	10;1
	29;0
	17;その、首に掛けた宝玉は……？
@38
	11;-1
	4;0
	5;0
	6
	10;0
@68
	0
@0
	0
entry 22 (100, 16, 0, 0)
@0
	10;0
	1;0
	2;0
	44;160.0f;220.0f
	45;480.0f;220.0f
	46;0;0
	47;18;0
@4
	46;5;0
	42;0
@34
	10;1
	29;0
	17;貴方、チュパカブラのフリをしてるけど
	17;本当はテンカジンでしょ？
@38
	11;-1
	4;0
	5;0
	6
	10;0
@68
	0
@0
	0
entry 23 (100, 17, 0, 0)
@0
	10;0
	1;0
	2;0
	44;160.0f;220.0f
	45;480.0f;220.0f
	46;0;0
	47;18;0
@4
	46;5;0
	42;0
@34
	10;1
	29;0
	17;勉強したわ、貴方から逃げるには
	17;櫛を投げれば良いのよね
@38
	11;-1
	4;0
	5;0
	6
	10;0
@68
	0
@0
	0
entry 24 (100, 18, 0, 0)
@0
	10;0
	1;0
	2;0
	44;160.0f;220.0f
	45;480.0f;220.0f
	46;0;0
	47;18;0
@4
	46;2;0
	42;0
@34
	10;1
	29;0
	17;何か、我々管狐がお役に立てるようでしたら
	17;何なりとお申し付けください
@38
	11;-1
	4;0
	5;0
	6
	10;0
@68
	0
@0
	0
entry 25 (100, 18, 0, 2)
@0
	10;0
	1;0
	2;0
	44;160.0f;220.0f
	45;480.0f;220.0f
	46;0;0
	47;15;0
@4
	46;6;0
	42;0
@34
	10;1
	29;0
	17;この間の依頼は到底無理でした
	17;キャンセルさせて下さい
@38
	11;-1
	4;0
	5;0
	6
	10;0
@68
	0
@0
	0
