header(0, 335544324, 335544328, 1073758208, 671090688, 469893120, 872677376, 0, 0, 0, 0, 0, 0, 0, 0, 0, 0, 0, 0, 0)
entry 0 (16, 19, 0, 0)
@0
	10;0
	1;0
	2;0
	44;160.0f;220.0f
	45;460.0f;220.0f
	46;1;0
	47;18;0
@4
	46;1;0
	42;0
@34
	10;1
	29;0
	17;やるぞー
@38
	11;-1
@42
	47;1;0
	43;0
	17;やるぞー
@46
	11;-1
	4;0
	5;0
	6
	10;0
@76
	52
	0
@0
	0
entry 1 (16, 19, 0, 1)
@0
	10;0
	1;0
	2;0
	44;160.0f;220.0f
	45;460.0f;220.0f
	46;1;0
	47;18;0
@4
	46;1;0
	42;0
@34
	10;1
	29;0
	17;|136,16,おこ
	17;私に勝とうなんて烏滸がましいわ！
@38
	11;-1
	4;0
	5;0
	6
	10;0
@68
	0
@0
	0
entry 2 (16, 19, 0, 2)
@0
	10;0
	1;0
	2;0
	44;160.0f;220.0f
	45;460.0f;220.0f
	46;5;0
	47;18;0
@4
	47;18;0
	43;0
@34
	10;1
	29;0
	17;くやしー
@38
	11;-1
	4;0
	5;0
	6
	10;0
@68
	0
@0
	0
entry 3 (255, 2, 0, 0)
@0
	10;0
	44;160.0f;220.0f
	45;460.0f;220.0f
	19;22
	1;0
	29;0
@4
	13;7;0
	7;0
	28;160.0f;220.0f
	17;鬼傑組に勁牙組、それに剛欲同盟……
@8
	11;-1
@12
	13;2;0
	7;0
	28;160.0f;220.0f
	17;こりゃあ、忙しいわ
	17;管狐としては
@16
	11;-1
@20
	13;0;0
	7;0
	28;160.0f;220.0f
	17;おーい、早苗ちゃーん
@24
	11;-1
	4;0
	10;0
	55
	18
	18
@124
	10;0
	28;160.0f;180.0f
	17;おや？
@144
	10;1
@148
	11;-1
	1;0
	2;0
	12
	13;7;0
@152
	14;0;0
	8;0
	28;460.0f;220.0f
	20;0
	17;つかささん、今日は何の用です？
@156
	11;-1
@160
	13;6;0
	7;0
	28;160.0f;220.0f
	17;ちょいと神社を貸してくれないかな
@164
	11;-1
@168
	14;6;0
	8;0
	28;460.0f;220.0f
	17;え、えーっと
	17;何で？
@172
	11;-1
@176
	13;5;0
	7;0
	28;160.0f;220.0f
	17;山の妖獣達の拠点にしたいの
	17;早苗ちゃんなら、許してくれるよねぇ
@180
	11;-1
@184
	14;3;0
	8;0
	28;460.0f;220.0f
	17;馬鹿言うな！
	17;なんじゃそれ
@188
	11;-1
	19;1
	54
	4;0
	5;0
	6
	10;0
@218
	52
	0
@0
	0
entry 4 (255, 2, 0, 1)
@0
	10;0
	1;0
	2;0
	44;160.0f;220.0f
	45;460.0f;220.0f
	46;5;0
	47;18;0
@4
	46;0;0
	42;0
@34
	10;1
	29;0
	17;とは言っても、一刻を争うのよ
@38
	11;-1
@42
	46;6;0
	42;0
	17;このままでは変な妖獣たちに
	17;乗っ取られちゃう
@46
	11;-1
@50
	47;10;0
	43;0
	17;今から私も調査に行くところよ
@54
	11;-1
@58
	47;14;0
	43;0
	17;神社は貸せないけど
@62
	11;-1
	51;0
@66
	46;5;0
	42;0
	17;行ってらっしゃーい
@70
	11;-1
	4;0
	5;0
	6
	10;0
@100
	0
@0
	0
entry 5 (255, 2, 0, 2)
@0
	10;0
	1;0
	2;0
	44;160.0f;220.0f
	45;460.0f;220.0f
	46;5;0
	47;18;0
@4
	46;4;0
	42;0
@34
	10;1
	29;0
	17;神社は貸せないからね
@38
	11;-1
	4;0
	5;0
	6
	10;0
@68
	0
@0
	0
entry 6 (255, 3, 0, 0)
@0
	10;0
	44;160.0f;220.0f
	45;460.0f;220.0f
	19;22
	1;0
	29;0
@4
	13;6;0
	7;0
	28;160.0f;220.0f
	17;勁牙組はいまいち信頼できないなぁ
	17;頭の方が軽そうで
@8
	11;-1
@12
	13;4;0
	7;0
	28;160.0f;220.0f
	17;剛欲同盟はきっと個性で自滅する
	17;だろうし
@16
	11;-1
@20
	13;5;0
	7;0
	28;160.0f;220.0f
	17;やっぱり鬼傑組かな
	17;イデオロギーも一致する
@24
	11;-1
	4;0
	10;0
	55
	18
	18
@124
	10;0
	28;160.0f;180.0f
	17;ん？
@144
	10;1
@148
	11;-1
	1;0
	2;0
	12
	13;7;0
@152
	14;5;0
	8;0
	28;460.0f;220.0f
	20;0
	17;|51,6,げせんなきつね？
	17;お前は管狐？
@156
	11;-1
@160
	13;0;0
	7;0
	28;160.0f;220.0f
	17;おやおや
	17;尻尾の隠せない狐さんじゃないですか
@164
	11;-1
@168
	14;6;0
	8;0
	28;460.0f;220.0f
	17;何でお前が守矢神社に？
@172
	11;-1
@176
	13;5;0
	7;0
	28;160.0f;220.0f
	17;早苗ちゃんが忙しいっていうから
	17;留守を預かってるのよ
@180
	11;-1
@184
	14;6;0
	8;0
	28;460.0f;220.0f
	17;留守を預かる……？　早苗の口ぶりだと
	17;そんなふうには見えなかったけど
@188
	11;-1
@192
	14;4;0
	8;0
	28;460.0f;220.0f
	17;ま、管狐の言う事なんて
	17;余り信用しない方が良いか
@196
	11;-1
@200
	13;5;0
	7;0
	28;160.0f;220.0f
	17;あら心外だわ
	17;早苗ちゃんにこう頼まれてるのに
@204
	11;-1
@208
	13;1;0
	7;0
	28;160.0f;220.0f
	17;怪しい奴が来たら追い返せってね
@212
	11;-1
	19;1
	54
	4;0
	5;0
	6
	10;0
@242
	52
	0
@0
	0
entry 7 (255, 3, 0, 1)
@0
	10;0
	1;0
	2;0
	44;160.0f;220.0f
	45;460.0f;220.0f
	46;5;0
	47;18;0
@4
	47;18;0
	43;0
@34
	10;1
	29;0
	17;くっ
@38
	11;-1
@42
	47;18;0
	43;0
	17;こんなところで、狐同士化かし
	17;合っても何も面白いことは無いのに
@46
	11;-1
@50
	46;0;0
	42;0
	17;異変の調査をしているんだっけ？
	17;だったらさ、こんな所探しても無駄よ
@54
	11;-1
@58
	47;14;0
	43;0
	17;ほう
@62
	11;-1
@66
	46;5;0
	42;0
	17;悪い事する奴は、地下に潜るもんよ
@70
	11;-1
@74
	46;6;0
	42;0
	17;地上に隠れられる場所なんて無いからね
@78
	11;-1
	51;0
@138
	10;1
@142
	46;0;0
	42;0
	17;……信じてくれたみたいだね
	17;丁度良かった
@146
	11;-1
@150
	46;1;0
	42;0
	17;一番面倒くさい剛欲同盟の相手は
	17;|5,10,さっきのやつ
	17;九尾の狐にやって貰おう
@154
	11;-1
	4;0
	5;0
	6
	10;0
@184
	0
@0
	0
entry 8 (255, 3, 0, 2)
@0
	10;0
	1;0
	2;0
	44;160.0f;220.0f
	45;460.0f;220.0f
	46;5;0
	47;18;0
@4
	46;5;0
	42;0
@34
	10;1
	29;0
	17;ねえ、この異変を影から利用するとして
	17;貴方だったら、何処に潜む？
@38
	11;-1
	4;0
	5;0
	6
	10;0
@68
	0
@0
	0
entry 9 (255, 14, 0, 0)
@0
	10;0
	44;160.0f;220.0f
	45;460.0f;220.0f
	19;22
	1;0
	29;0
@4
	13;0;0
	7;0
	28;160.0f;220.0f
	17;この辺に、聖域の幽霊を喰らって
	17;目覚めた妖怪がいる
@8
	11;-1
@12
	13;5;0
	7;0
	28;160.0f;220.0f
	17;鬼傑組の仕業らしいね
@16
	11;-1
@20
	13;4;0
	7;0
	28;160.0f;220.0f
	17;鬼傑組に取り入るなら
	17;そいつを懐柔しないとねぇ
@24
	11;-1
	4;0
	10;0
	55
	18
	18
@124
	10;0
	28;160.0f;180.0f
	17;誰？
@144
	10;1
@148
	11;-1
	1;0
	2;0
	12
	13;7;0
@152
	14;7;0
	8;0
	28;460.0f;220.0f
	20;0
	17;狐……？
@156
	11;-1
@160
	13;0;0
	7;0
	28;160.0f;220.0f
	17;貴方の上司に仕事を
	17;依頼された者です
@164
	11;-1
@168
	14;5;0
	8;0
	28;460.0f;220.0f
	17;ああ、八千慧様が言っていた
	17;|5,10,スパイ
	17;管狐、って奴かな
@172
	11;-1
@176
	13;5;0
	7;0
	28;160.0f;220.0f
	17;ええ……貴方にも挨拶をしておこうと
	17;思いまして……
@180
	11;-1
@184
	13;2;0
	7;0
	28;160.0f;220.0f
	17;何でも、猿山の集団から追い出されたはぐれ猿が
	17;聖域の幽霊を喰らって覚醒したとか……
@188
	11;-1
@192
	14;7;0
	8;0
	28;460.0f;220.0f
	17;しっ、鬼傑組では雷に打たれた石から生まれた設定に
	17;なってるのよ！
@196
	11;-1
@200
	14;3;0
	8;0
	28;460.0f;220.0f
	17;今度からそう広めてね
@204
	11;-1
@208
	13;5;0
	7;0
	28;160.0f;220.0f
	17;はいはい
@212
	11;-1
@216
	14;3;0
	8;0
	28;460.0f;220.0f
	19;15
	17;そもそも私は貴方のこと
	17;信用できないんですけどねー
@220
	11;-1
@224
	14;4;0
	8;0
	28;460.0f;220.0f
	17;口ばっかの奴はズルいって
	17;思っちゃうんだよね
@228
	11;-1
@232
	13;1;0
	7;0
	28;160.0f;220.0f
	17;ふふふ、私が口ばっかかどうか試してみる？
@236
	11;-1
	54
	4;0
	5;0
	6
	10;0
@266
	52
	0
@0
	0
entry 10 (255, 14, 0, 1)
@0
	10;0
	1;0
	2;0
	44;160.0f;220.0f
	45;460.0f;220.0f
	46;5;0
	47;7;0
@4
	46;2;0
	42;0
@34
	10;1
	29;0
	17;おわかり頂けました？
@38
	11;-1
@42
	47;6;0
	43;0
	17;違う、気を付けろ
@46
	11;-1
@50
	46;2;0
	42;0
	17;え？
@54
	11;-1
@58
	47;6;0
	43;0
	17;私が戦いの手を止めたのは
@62
	11;-1
@66
	47;3;0
	43;0
	17;お前を狙っている奴が
	17;近づいてきたからだよ
@70
	11;-1
@74
	46;0;0
	42;0
	17;……
@78
	11;-1
@82
	46;5;0
	42;0
	17;……わかった誘導するわ
@86
	11;-1
	4;0
	5;0
	6
	10;0
@116
	0
@0
	0
entry 11 (255, 14, 0, 2)
@0
	10;0
	1;0
	2;0
	44;160.0f;220.0f
	45;460.0f;220.0f
	46;5;0
	47;18;0
@4
	46;5;0
	42;0
@34
	10;1
	29;0
	17;ほら口だけじゃん
@38
	11;-1
	4;0
	5;0
	6
	10;0
@68
	0
@0
	0
entry 12 (255, 11, 0, 0)
@0
	10;0
	44;160.0f;220.0f
	45;460.0f;220.0f
	19;22
	1;0
@4
	13;6;0
	7;0
	28;160.0f;220.0f
	29;2
	17;この辺まで来れば大丈夫かな
@8
	11;-1
@12
	13;0;0
	7;0
	28;160.0f;220.0f
	29;0
	17;あー、疲れた
	17;ちょっと休憩しようかなー
@16
	11;-1
	4;0
	10;0
	55
	18
	18
@116
	10;0
	28;160.0f;180.0f
	17;おいお前
@136
	10;1
@140
	11;-1
	1;0
	2;0
	12
	13;0;0
@144
	14;0;0
	8;0
	28;460.0f;220.0f
	20;0
	17;鬼傑組の新入りと何を
	17;親しそうに話してたんだ？
@148
	11;-1
@152
	14;5;0
	8;0
	28;460.0f;220.0f
	17;|70,12,われわれ
	17;まさか、勁牙組との約束を破って……
@156
	11;-1
@160
	13;0;0
	7;0
	28;160.0f;220.0f
	17;まさかー、あの猿めに絡まれてただけですよ
	17;考えすぎですよー
@164
	11;-1
@168
	13;2;0
	7;0
	28;160.0f;220.0f
	17;貴方の依頼通り、鬼傑組と剛欲同盟の
	17;動向を探ってただけです
@172
	11;-1
@176
	14;0;0
	8;0
	28;460.0f;220.0f
	17;ふふふ
@180
	11;-1
@184
	14;5;0
	8;0
	28;460.0f;220.0f
	17;ま、良いんだけどね
	17;裏切ってたとしても
@188
	11;-1
@192
	13;0;0
	7;0
	28;160.0f;220.0f
	17;裏切っても良い、と言いますと？
@196
	11;-1
@200
	14;2;0
	8;0
	28;460.0f;220.0f
	17;裏切り者を処断するのも
	17;快感だからな
@204
	11;-1
@208
	13;4;0
	7;0
	28;160.0f;220.0f
	17;ははは
@212
	11;-1
@216
	14;5;0
	8;0
	28;460.0f;220.0f
	19;12
	17;|35,6,にまいじた
	17;な、管狐くん
@220
	11;-1
@224
	14;3;0
	8;0
	28;460.0f;220.0f
	17;鬼傑組との繋がりに
	17;気が付かないとでも思ったか！
@228
	11;-1
	54
	4;0
	5;0
	6
	10;0
@258
	52
	0
@0
	0
entry 13 (255, 11, 0, 1)
@0
	10;0
	1;0
	2;0
	44;160.0f;220.0f
	45;460.0f;220.0f
	46;5;0
	47;18;0
@4
	46;7;0
	42;0
@34
	10;1
	29;0
	17;ご、誤解ですって
@38
	11;-1
@42
	46;0;0
	42;0
	17;鬼傑組の動向を探るという
	17;仕事をする為には
@46
	11;-1
@50
	46;5;0
	42;0
	17;鬼傑組に取り入る必要があるのは
	17;当たり前でしょ？
@54
	11;-1
@58
	47;17;0
	43;0
	17;あ、そりゃそうか
@62
	11;-1
@66
	46;5;0
	42;0
	17;うんもー、しっかりしてよね
@70
	11;-1
@74
	47;10;0
	43;0
	17;では、引き続き調査を依頼したい
@78
	11;-1
@82
	47;15;0
	43;0
	17;今度は、少し相手が特殊なんだが……
	17;やって貰えるよね
@86
	11;-1
	4;0
	5;0
	6
	10;0
@116
	0
@0
	0
entry 14 (255, 11, 0, 2)
@0
	10;0
	1;0
	2;0
	44;160.0f;220.0f
	45;460.0f;220.0f
	46;5;0
	47;18;0
@4
	46;3;0
	42;0
@34
	10;1
	29;0
	17;依頼料、返してもらうぞ！
@38
	11;-1
	4;0
	5;0
	6
	10;0
@68
	0
@0
	0
entry 15 (255, 17, 0, 0)
@0
	10;0
	44;160.0f;220.0f
	45;460.0f;180.0f
	19;23
	1;0
	29;0
@4
	13;6;0
	7;0
	28;160.0f;220.0f
	17;鬼傑組でも剛欲同盟でも無い
	17;別の勢力の調査？
@8
	11;-1
@12
	13;4;0
	7;0
	28;160.0f;220.0f
	17;あの早鬼って奴も中々やってくれるが
	17;やっぱり嘘はヘタだね
@16
	11;-1
@20
	13;5;0
	7;0
	28;160.0f;220.0f
	17;口封じに地獄送りしただけなの
	17;バレバレなんだよねぇ
@24
	11;-1
@28
	13;6;0
	7;0
	28;160.0f;220.0f
	17;今は二重スパイを疑われているみたいだし
	17;さてどうしたもんか
@32
	11;-1
	4;0
	10;0
	55
	18
	18
@132
	10;0
	28;160.0f;180.0f
	17;あら、地獄へようこそ
@152
	10;1
@156
	11;-1
	1;0
	2;0
	12
	13;7;0
@160
	14;2;0
	8;0
	28;460.0f;180.0f
	17;地獄はいつでも誰でも
	17;ウェルカムでございます
@164
	11;-1
@168
	13;7;0
	7;0
	28;160.0f;220.0f
	17;だ、誰！？
@172
	11;-1
@176
	14;5;0
	8;0
	28;460.0f;180.0f
	20;0
	17;|38,13,よもつ　ひさみ
	17;私は豫母都日狭美
	17;地獄の案内人ですわ
@180
	11;-1
@184
	14;0;0
	8;0
	28;460.0f;180.0f
	17;で、本日はどちらに？
@188
	11;-1
@192
	13;4;0
	7;0
	28;160.0f;220.0f
	17;え、あ、その
@196
	11;-1
@200
	13;0;0
	7;0
	28;160.0f;220.0f
	17;そう、地上の異変の調査に来たの
@204
	11;-1
@208
	13;6;0
	7;0
	28;160.0f;220.0f
	17;あ、といっても地獄は関係無いか
@212
	11;-1
@216
	14;7;0
	8;0
	28;460.0f;180.0f
	29;0
	17;ほほう、驚きましたね
@220
	11;-1
@224
	14;5;0
	8;0
	28;460.0f;180.0f
	17;こんなにも早く地獄と異変の
	17;関係に気付く者が現れるなんて
@228
	11;-1
@232
	14;0;0
	8;0
	28;460.0f;180.0f
	17;ではあのお方の元まで
	17;案内してあげましょう
@236
	11;-1
@240
	14;1;0
	8;0
	28;460.0f;180.0f
	19;18
	29;1
	17;地獄の流儀に従って
	17;案内するのは死霊だけだがな！
@244
	11;-1
	54
	4;0
	5;0
	6
	10;0
@274
	52
	0
@0
	0
entry 16 (255, 17, 0, 1)
@0
	10;0
	1;0
	2;0
	44;160.0f;220.0f
	45;460.0f;180.0f
	46;5;0
	47;18;0
@4
	47;12;0
	43;0
@34
	10;1
	29;0
	17;ああー
	17;強くて素敵だわー
@38
	11;-1
@42
	47;12;0
	43;0
	17;それでは地獄を案内いたしますよ
@46
	11;-1
@50
	46;0;0
	42;0
	17;いや、地獄の案内はいらな……
@54
	11;-1
@58
	47;10;0
	43;0
	17;え？　もしかして帰るつもり？
@62
	11;-1
@66
	47;16;0
	43;0
	17;と言うか帰れると思っていたの？
@70
	11;-1
@74
	46;4;0
	42;0
	17;え？
@78
	11;-1
@82
	47;10;0
	43;0
	17;地獄に堕ちた者は
	17;自分の力では帰れないよ
@86
	11;-1
@90
	47;10;0
	43;0
	17;そうで無ければ、牢獄として
	17;意味が無いでしょ？
@94
	11;-1
@98
	46;8;0
	42;0
	17;ふええ
@102
	11;-1
	4;0
	5;0
	6
	10;0
@132
	0
@0
	0
entry 17 (255, 17, 0, 2)
@0
	10;0
	1;0
	2;0
	44;160.0f;220.0f
	45;460.0f;180.0f
	46;5;0
	47;18;0
@4
	46;3;0
	42;0
@34
	10;1
	29;0
	17;なーんだ
	17;期待外れもいいとこじゃん
@38
	11;-1
	4;0
	5;0
	6
	10;0
@68
	0
@0
	0
entry 18 (255, 18, 0, 0)
@0
	10;0
	44;160.0f;220.0f
	45;450.0f;200.0f
	19;23
	53
	1;0
	29;0
@4
	13;8;0
	7;0
	28;160.0f;220.0f
	17;……はあ、これは参った
@8
	11;-1
@12
	13;8;0
	7;0
	28;160.0f;220.0f
	17;間違いなくここは地獄だ
@16
	11;-1
	4;0
	10;0
	55
	18
@116
	10;0
	28;160.0f;180.0f
	17;管狐よ
@136
	10;1
@140
	11;-1
	1;0
	2;0
	12
	13;7;0
@144
	14;0;0
	8;0
	28;450.0f;200.0f
	20;0
	17;|69,10,にっぱく　ざんむ
	17;我が名は日白　残無
@148
	11;-1
@152
	14;5;0
	8;0
	28;450.0f;200.0f
	17;一部始終を見ていたぞ
@156
	11;-1
@160
	13;7;0
	7;0
	28;160.0f;220.0f
	17;え？
@164
	11;-1
@168
	14;1;0
	8;0
	28;450.0f;200.0f
	17;お前は吉弔にも驪駒にもいい顔をして
	17;自分に利することばかり考えていたな
@172
	11;-1
@176
	13;6;0
	7;0
	28;160.0f;220.0f
	17;……どうしてその事を
@180
	11;-1
@184
	14;2;0
	8;0
	28;450.0f;200.0f
	17;あっはっは、中々痛快な奴だ
@188
	11;-1
@192
	14;5;0
	8;0
	28;450.0f;200.0f
	17;儂からも仕事を依頼して良いか？
@196
	11;-1
@200
	13;5;0
	7;0
	28;160.0f;220.0f
	17;何だって？
@204
	11;-1
@208
	14;1;0
	8;0
	28;450.0f;200.0f
	17;畜生どもの仕事を受けたんだから
	17;儂からの仕事が受けられないことは無いじゃろ
@212
	11;-1
@216
	13;6;0
	7;0
	28;160.0f;220.0f
	17;……ぐ
@220
	11;-1
@224
	14;5;0
	8;0
	28;450.0f;200.0f
	19;19
	17;儂からの仕事は……
@228
	11;-1
@232
	13;7;0
	7;0
	28;160.0f;220.0f
	17;な、え？
	17;博麗霊夢を殺せって！？
@236
	11;-1
@240
	13;6;0
	7;0
	28;160.0f;220.0f
	17;そんな……そんな簡単な話では
@244
	11;-1
@248
	14;5;0
	8;0
	28;450.0f;200.0f
	17;引き受けるか？
	17;それとも、永遠に地獄を彷徨うか？
@252
	11;-1
@256
	14;1;0
	8;0
	28;450.0f;200.0f
	29;1
	17;全力で空想を越えよ！
@260
	11;-1
	54
	4;0
	5;0
	6
	10;0
@290
	52
	0
@0
	0
entry 19 (255, 18, 0, 1)
@0
	10;0
@120
	10;0
@180
	21
@300
	22
	0
@0
	0
entry 20 (255, 18, 0, 2)
@0
	10;0
	1;0
	2;0
	44;160.0f;220.0f
	45;450.0f;200.0f
	46;5;0
	47;18;0
@4
	46;0;0
	42;0
@34
	10;1
	29;0
	17;ま、出来っこないだろうな
@38
	11;-1
	4;0
	5;0
	6
	10;0
@68
	0
@0
	0
