header(0, 16, 335544576, 268439552, 805371904, 469893120, 872677376, 0, 0, 0, 0, 0, 0, 0, 0, 0, 0, 0, 0, 0)
entry 0 (16, 19, 0, 0)
@0
	10;0
	1;0
	2;0
	44;180.0f;210.0f
	45;460.0f;220.0f
	46;1;0
	47;18;0
@4
	46;1;0
	42;0
@34
	10;1
	29;0
	17;やるぞー
@38
	11;-1
@42
	47;1;0
	43;0
	17;やるぞー
@46
	11;-1
	4;0
	5;0
	6
	10;0
@76
	52
	0
@0
	0
entry 1 (16, 19, 0, 1)
@0
	10;0
	1;0
	2;0
	44;180.0f;210.0f
	45;460.0f;220.0f
	46;1;0
	47;18;0
@4
	46;1;0
	42;0
@34
	10;1
	29;0
	17;|136,16,おこ
	17;私に勝とうなんて烏滸がましいわ！
@38
	11;-1
	4;0
	5;0
	6
	10;0
@68
	0
@0
	0
entry 2 (16, 19, 0, 2)
@0
	10;0
	1;0
	2;0
	44;180.0f;210.0f
	45;460.0f;220.0f
	46;5;0
	47;18;0
@4
	47;18;0
	43;0
@34
	10;1
	29;0
	17;くやしー
@38
	11;-1
	4;0
	5;0
	6
	10;0
@68
	0
@0
	0
entry 3 (255, 4, 0, 0)
@0
	10;0
	44;180.0f;210.0f
	45;460.0f;220.0f
	19;22
	1;0
	29;0
@4
	13;5;0
	7;0
	28;180.0f;210.0f
	17;報告ご苦労
	17;休んで良いぞ、狸達よ
@8
	11;-1
@12
	13;5;0
	7;0
	28;180.0f;210.0f
	17;やっぱり、良からぬ輩が
	17;あちこち奔走しとるようじゃのう
@16
	11;-1
@20
	13;5;0
	7;0
	28;180.0f;210.0f
	17;早いところ要注意人物の
	17;饕餮を探したいんじゃが
@24
	11;-1
	4;0
	10;0
	55
	18
	18
@124
	10;0
	28;160.0f;180.0f
	17;あははは
@144
	10;1
@148
	11;-1
	1;0
	2;0
	12
	13;7;0
@152
	14;2;0
	8;0
	28;460.0f;220.0f
	20;0
	17;早苗って、そんな趣味持ってるのー？
@156
	11;-1
@160
	13;6;0
	7;0
	28;180.0f;210.0f
	17;何をブツクサ一人で喋ってるんじゃ
@164
	11;-1
@168
	14;0;0
	8;0
	28;460.0f;220.0f
	17;耳元で囁く声がしてたから
	17;よく聞いてみたの
@172
	11;-1
@176
	14;0;0
	8;0
	28;460.0f;220.0f
	17;そしたら凄く面白くてさー
@180
	11;-1
@184
	13;6;0
	7;0
	28;180.0f;210.0f
	17;囁く声だと？
	17;どれどれ見せてみろ
@188
	11;-1
@192
	13;7;0
	7;0
	28;180.0f;210.0f
	17;おい、大変だ
	17;お前の髪の中に……
@196
	11;-1
@200
	14;6;0
	8;0
	28;460.0f;220.0f
	17;え？
	17;目の前の狸は敵だって？
@204
	11;-1
@208
	14;1;0
	8;0
	28;460.0f;220.0f
	17;よし、やっつけてやる！
@212
	11;-1
@216
	13;3;0
	7;0
	28;180.0f;210.0f
	29;1
	19;10
	17;髪の中に狐がおる！
	17;管狐じゃ！
@220
	11;-1
	54
	4;0
	5;0
	6
	10;0
@250
	52
	0
@0
	0
entry 4 (255, 4, 0, 1)
@0
	10;0
	1;0
	2;0
	44;180.0f;210.0f
	45;460.0f;220.0f
	46;5;0
	47;18;0
@4
	46;4;0
	42;0
@34
	10;1
	29;0
	17;管狐か
	17;こりゃまた面倒な奴じゃぞ
@38
	11;-1
@42
	46;3;0
	42;0
	17;取憑かれたら最後
	17;生気を失うまで操られるぞ
@46
	11;-1
	4;0
	5;0
	6
	10;0
@76
	0
@0
	0
entry 5 (255, 4, 0, 2)
@0
	10;0
	1;0
	2;0
	44;180.0f;210.0f
	45;460.0f;220.0f
	46;5;0
	47;18;0
@4
	46;6;0
	42;0
@34
	10;1
	29;0
	17;今すぐこの場を離れろって？
	17;判ったわ
@38
	11;-1
	4;0
	5;0
	6
	10;0
@68
	0
@0
	0
entry 6 (255, 8, 0, 0)
@0
	10;0
	44;180.0f;210.0f
	45;460.0f;220.0f
	19;22
	1;0
	29;0
@4
	13;0;0
	7;0
	28;180.0f;210.0f
	17;管狐の典はいるか？
@8
	11;-1
@12
	13;6;0
	7;0
	28;180.0f;210.0f
	17;最近は守矢神社の加護を
	17;受けているらしいな
@16
	11;-1
	4;0
	10;0
	55
	18
	18
@116
	10;0
	28;160.0f;180.0f
	17;これはこれは
@136
	10;1
@140
	11;-1
	1;0
	2;0
	12
	13;7;0
@144
	14;5;0
	8;0
	28;460.0f;220.0f
	20;0
	17;化け狸の親分さん
	17;今日はどのようなご用件で
@148
	11;-1
@152
	13;4;0
	7;0
	28;180.0f;210.0f
	17;まるでここが自分の家かの様に言うんじゃな
@156
	11;-1
@160
	13;0;0
	7;0
	28;180.0f;210.0f
	17;率直に言わせて貰うが
	17;管狐を走らせすぎじゃないかのう
@164
	11;-1
@168
	13;5;0
	7;0
	28;180.0f;210.0f
	17;幻想郷はお前さんの
	17;私有地じゃないぞ
@172
	11;-1
@176
	14;5;0
	8;0
	28;460.0f;220.0f
	17;へえ、化け狸を走らせまくってる
	17;あんたが言うんですか？
@180
	11;-1
@184
	13;3;0
	7;0
	28;180.0f;210.0f
	17;ふん、低級妖獣のくせに
	17;減らず口をたたくんじゃない
@188
	11;-1
@192
	14;3;0
	8;0
	28;460.0f;220.0f
	17;低級で結構
	17;外道妖獣さん！
@196
	11;-1
	19;10
	54
	4;0
	5;0
	6
	10;0
@226
	52
	0
@0
	0
entry 7 (255, 8, 0, 1)
@0
	10;0
	1;0
	2;0
	44;180.0f;210.0f
	45;460.0f;220.0f
	46;5;0
	47;18;0
@4
	46;4;0
	42;0
@34
	10;1
	29;0
	17;狸と狐
	17;似たもの同士相容れぬか
@38
	11;-1
@42
	47;15;0
	43;0
	17;ここは一つ、休戦にしません？
@46
	11;-1
@50
	46;5;0
	42;0
	17;そうしてやっても良いんじゃがな……
@54
	11;-1
@58
	47;15;0
	43;0
	17;情報が欲しいんでしょ？
	17;ふふふ……
@62
	11;-1
@66
	47;10;0
	43;0
	17;私は既に鬼傑組の吉弔と勁牙組の驪駒の
	17;動向を押さえています
@70
	11;-1
@74
	46;4;0
	42;0
	17;ふ、そんなこと儂には筒抜けじゃよ
@78
	11;-1
@82
	46;0;0
	42;0
	17;じゃが、剛欲同盟の饕餮は？
	17;一番の要注意人物じゃろ
@86
	11;-1
@90
	47;11;0
	43;0
	17;そいつの情報と引き換えに
	17;休戦という事で一つ……
@94
	11;-1
	4;0
	5;0
	6
	10;0
@124
	0
@0
	0
entry 8 (255, 8, 0, 2)
@0
	10;0
	1;0
	2;0
	44;180.0f;210.0f
	45;460.0f;220.0f
	46;5;0
	47;18;0
@4
	46;6;0
	42;0
@34
	10;1
	29;0
	17;狐と狸
	17;似たもの同士相容れないわね
@38
	11;-1
	4;0
	5;0
	6
	10;0
@68
	0
@0
	0
entry 9 (255, 12, 0, 0)
@0
	10;0
	44;180.0f;210.0f
	45;450.0f;300.0f
	19;22
	1;0
	29;0
@4
	13;7;0
	7;0
	28;180.0f;210.0f
	17;典は饕餮を怖がって避けておったな
	17;可愛いところもあるもんじゃ
@8
	11;-1
@12
	13;0;0
	7;0
	28;180.0f;210.0f
	17;で、饕餮はもうすぐ
	17;賽の河原に現れる、か
@16
	11;-1
@20
	13;6;0
	7;0
	28;180.0f;210.0f
	17;さすが管狐だ
	17;中々の情報網を持ってるな
@24
	11;-1
	4;0
	10;0
	55
	18
	18
@124
	10;0
	28;160.0f;180.0f
	17;誰だ？
@144
	10;1
@148
	11;-1
	1;0
	2;0
	12
	13;7;0
@152
	14;5;0
	8;0
	28;450.0f;300.0f
	20;0
	17;ああ、化け狸の親分か
@156
	11;-1
@160
	13;7;0
	7;0
	28;180.0f;210.0f
	17;早速お出ましじゃな
@164
	11;-1
@168
	14;5;0
	8;0
	28;450.0f;300.0f
	17;私に何か用か？
@172
	11;-1
@176
	13;0;0
	7;0
	28;180.0f;210.0f
	17;大地の所有権が欲しいんじゃろ？
@180
	11;-1
@184
	13;5;0
	7;0
	28;180.0f;210.0f
	17;だけど、ライバルが次々と
	17;新しい仲間を見つけて焦っている
@188
	11;-1
@192
	14;3;0
	8;0
	28;450.0f;300.0f
	17;ふん、さっさと本題を言え
@196
	11;-1
@200
	13;2;0
	7;0
	28;180.0f;210.0f
	17;地上のことを知り尽くしている儂と組まないか？
@204
	11;-1
@208
	14;5;0
	8;0
	28;450.0f;300.0f
	17;はっ、別に構わんよ
@212
	11;-1
@216
	13;7;0
	7;0
	28;180.0f;210.0f
	17;え？
@220
	11;-1
@224
	14;5;0
	8;0
	28;450.0f;300.0f
	19;14
	17;ただし、弱い奴は要らん
@228
	11;-1
@232
	14;1;0
	8;0
	28;450.0f;300.0f
	17;判ってるよな？
@236
	11;-1
	54
	4;0
	5;0
	6
	10;0
@266
	52
	0
@0
	0
entry 10 (255, 12, 0, 1)
@0
	10;0
	1;0
	2;0
	44;180.0f;210.0f
	45;450.0f;300.0f
	46;5;0
	47;18;0
@4
	46;2;0
	42;0
@34
	10;1
	29;0
	17;もう十分じゃろ
@38
	11;-1
@42
	47;12;0
	43;0
	17;ああ、これでお前も剛欲同盟だ
@46
	11;-1
@50
	46;4;0
	42;0
	17;てっきり断ると思ってたから
	17;予定が狂ったよ
@54
	11;-1
@58
	46;0;0
	42;0
	17;他の畜生達が新しい仲間を
	17;作っているから焦ったんじゃろ？
@62
	11;-1
@66
	47;15;0
	43;0
	17;勘違いしているな
@70
	11;-1
@74
	47;15;0
	43;0
	17;つい最近、新しい仲間を作ったばかりだぞ？
@78
	11;-1
@82
	47;12;0
	43;0
	17;八千慧や早鬼よりも先にな
@86
	11;-1
@90
	47;10;0
	43;0
	17;仲間になりたいって奴を断る
	17;道理なんてない
@94
	11;-1
@98
	46;6;0
	42;0
	17;新しい仲間……
	17;既に作っていたのか
@102
	11;-1
	4;0
	5;0
	6
	10;0
@132
	0
@0
	0
entry 11 (255, 12, 0, 2)
@0
	10;0
	1;0
	2;0
	44;180.0f;210.0f
	45;450.0f;300.0f
	46;5;0
	47;18;0
@4
	47;18;0
	43;0
@34
	10;1
	29;0
	17;参った参った
	17;降参だ！
@38
	11;-1
	4;0
	5;0
	6
	10;0
@68
	0
@0
	0
entry 12 (255, 16, 0, 0)
@0
	10;0
	44;180.0f;210.0f
	45;460.0f;220.0f
	19;23
	1;0
	29;0
@4
	13;0;0
	7;0
	28;180.0f;210.0f
	17;計算違いじゃ
	17;饕餮の仲間が既にいたとは
@8
	11;-1
@12
	13;5;0
	7;0
	28;180.0f;210.0f
	17;儂が協力するふりして
	17;饕餮を監視する作戦だったんじゃがなぁ
@16
	11;-1
@20
	13;6;0
	7;0
	28;180.0f;210.0f
	17;若干の作戦変更が必要か
@24
	11;-1
	4;0
	10;0
	55
	18
	18
@124
	10;0
	28;160.0f;180.0f
	17;墓場で独り言か
@144
	10;1
@148
	11;-1
	1;0
	2;0
	12
	13;7;0
@152
	14;5;0
	8;0
	28;460.0f;220.0f
	20;0
	17;さすが饕餮が認めた奴ね
	17;良い趣味している
@156
	11;-1
@160
	13;4;0
	7;0
	28;180.0f;210.0f
	17;誰じゃ
@164
	11;-1
@168
	14;0;0
	8;0
	28;460.0f;220.0f
	20;0
	17;私は天火人ちやり
	17;あんたは？
@172
	11;-1
@176
	13;4;0
	7;0
	28;180.0f;210.0f
	17;マミゾウじゃ
	17;地上で人材派遣の会社をやっとるぞ
@180
	11;-1
@184
	14;4;0
	8;0
	28;460.0f;220.0f
	17;剛欲同盟の新しい仲間ってのは
	17;あんたか？
@188
	11;-1
@192
	13;0;0
	7;0
	28;180.0f;210.0f
	17;いかにも
@196
	11;-1
@200
	14;4;0
	8;0
	28;460.0f;220.0f
	19;17
	17;ふん、饕餮は何を考えてるんだ
@204
	11;-1
@208
	14;1;0
	8;0
	28;460.0f;220.0f
	13;7;0
	17;こんな見え見えのスパイなんか
	17;引き込んでさー
@212
	11;-1
@216
	14;1;0
	8;0
	28;460.0f;220.0f
	29;1
	17;なー！
	17;化け狸の二ッ岩マミゾウさんよう！
@220
	11;-1
	54
	4;0
	5;0
	6
	10;0
@250
	52
	0
@0
	0
entry 13 (255, 16, 0, 1)
@0
	10;0
	1;0
	2;0
	44;180.0f;210.0f
	45;460.0f;220.0f
	46;5;0
	47;18;0
@4
	46;5;0
	42;0
@34
	10;1
	29;0
	17;やるじゃないか
@38
	11;-1
@42
	46;0;0
	42;0
	17;お前、何処かで見た事があると思ったが
	17;チュパカブラっていう妖怪じゃな？
@46
	11;-1
@50
	47;18;0
	43;0
	17;チュパ……カブラ？
	17;いや自分はテンカジン……
@54
	11;-1
@58
	46;5;0
	42;0
	17;大丈夫、地上ではチュパカブラは人気者じゃ
	17;堂々とせい
@62
	11;-1
@66
	46;1;0
	42;0
	17;で、その足に付けてる試験管は何じゃ
	17;誰の血が入っているんじゃ？
@70
	11;-1
@74
	47;13;0
	43;0
	17;あ、これは勝手に触るな！
@78
	11;-1
@82
	46;4;0
	42;0
	56
	51;0
	17;これは、何じゃ？
	17;この……妖気は……
@202
	10;1
@206
	11;-1
	4;0
	5;0
	6
	10;0
@236
	0
@0
	0
entry 14 (255, 16, 0, 2)
@0
	10;0
	1;0
	2;0
	44;180.0f;210.0f
	45;460.0f;220.0f
	46;5;0
	47;18;0
@4
	46;4;0
	42;0
@34
	10;1
	29;0
	17;饕餮は勝負に勝つ気があるのかなぁ
@38
	11;-1
	4;0
	5;0
	6
	10;0
@68
	0
@0
	0
entry 15 (255, 17, 0, 0)
@0
	10;0
	44;180.0f;210.0f
	45;460.0f;180.0f
	19;23
	1;0
	29;0
@4
	13;6;0
	7;0
	28;180.0f;210.0f
	17;……くっそ
@8
	11;-1
@12
	13;3;0
	7;0
	28;180.0f;210.0f
	17;儂としたことが、移送の罠にかかるとは
@16
	11;-1
@20
	13;6;0
	7;0
	28;180.0f;210.0f
	17;何とか途中で逃げ出せたみたいだが
	17;ここはどこだ？
@24
	11;-1
	4;0
	10;0
	55
	18
	18
@124
	10;0
	28;160.0f;180.0f
	17;地獄へようこそ
@144
	10;1
@148
	11;-1
	1;0
	2;0
	12
	13;7;0
@152
	14;0;0
	8;0
	28;460.0f;180.0f
	17;地獄はいつでも誰でも
	17;ウェルカムでございます
@156
	11;-1
@160
	13;7;0
	7;0
	28;180.0f;210.0f
	17;誰じゃ？
@164
	11;-1
@168
	14;0;0
	8;0
	28;460.0f;180.0f
	20;0
	17;|38,13,よもつ　ひさみ
	17;私は豫母都日狭美
	17;地獄の案内人ですわ
@172
	11;-1
@176
	13;7;0
	7;0
	28;180.0f;210.0f
	17;地獄じゃと？
@180
	11;-1
@184
	13;3;0
	7;0
	28;180.0f;210.0f
	17;地獄行きの罠だったのか
	17;チュパカブラ風情が何故そんな外道な術を？
@188
	11;-1
@192
	14;0;0
	8;0
	28;460.0f;180.0f
	17;で、本日はどちらに？
@196
	11;-1
@200
	13;1;0
	7;0
	28;180.0f;210.0f
	17;知るか、罠に嵌まったんじゃ
	17;今すぐ帰るからな！
@204
	11;-1
@208
	14;0;0
	8;0
	28;460.0f;180.0f
	19;18
	17;おやおや、ご存じでない？
@212
	11;-1
@216
	14;1;0
	8;0
	28;460.0f;180.0f
	17;地獄は一度入ったら
	17;自力では出られないって事を！
@220
	11;-1
@224
	14;1;0
	8;0
	28;460.0f;180.0f
	17;さあさあ、地獄の果てまでも案内いたしましょう！
@228
	11;-1
	54
	4;0
	5;0
	6
	10;0
@258
	52
	0
@0
	0
entry 16 (255, 17, 0, 1)
@0
	10;0
	1;0
	2;0
	44;180.0f;210.0f
	45;460.0f;180.0f
	46;5;0
	47;18;0
@4
	47;18;0
	43;0
@34
	10;1
	29;0
	17;無駄ですよ
	17;だって地獄ってのは……
@38
	11;-1
@42
	46;10;0
	42;0
	17;一度入ったら自力では出られない、だろ？
@46
	11;-1
@50
	46;16;0
	42;0
	17;誰かその権限がある奴に出して
	17;貰わんといかんか
@54
	11;-1
@58
	47;18;0
	43;0
	17;その通りです
	17;ではその権限があるお方の元へ案内します
@62
	11;-1
	4;0
	5;0
	6
	10;0
@92
	0
@0
	0
entry 17 (255, 17, 0, 2)
@0
	10;0
	1;0
	2;0
	44;180.0f;210.0f
	45;460.0f;180.0f
	46;5;0
	47;18;0
@4
	46;0;0
	42;0
@34
	10;1
	29;0
	17;それでは約束通り案内します
@38
	11;-1
@42
	46;1;0
	42;0
	17;地獄へ、ね
@46
	11;-1
	4;0
	5;0
	6
	10;0
@76
	0
@0
	0
entry 18 (255, 18, 0, 0)
@0
	10;0
	44;180.0f;210.0f
	45;450.0f;200.0f
	19;23
	1;0
	29;0
@4
	13;6;0
	7;0
	28;180.0f;210.0f
	17;地獄ってのは、何処に行っても
	17;同じようなもんじゃのう
@8
	11;-1
@12
	13;5;0
	7;0
	28;180.0f;210.0f
	17;なーんにも無い
	17;ほんと、なーんにも無い
@16
	11;-1
	4;0
	10;0
	55
	18
	18
@116
	10;0
	28;160.0f;180.0f
	17;やっと来たか
@136
	10;1
@140
	11;-1
	1;0
	2;0
	12
	13;7;0
@144
	14;0;0
	8;0
	28;450.0f;200.0f
	17;はるばる佐渡の国からようこそ
@148
	11;-1
@152
	13;6;0
	7;0
	28;180.0f;210.0f
	17;お前は誰だ？
@156
	11;-1
@160
	14;0;0
	8;0
	28;450.0f;200.0f
	20;0
	17;|69,10,にっぱく　ざんむ
	17;我が名は日白　残無
@164
	11;-1
@168
	14;5;0
	8;0
	28;450.0f;200.0f
	17;まさか移送の罠を途中で
	17;抜け出す奴がいるとはな
@172
	11;-1
@176
	13;7;0
	7;0
	28;180.0f;210.0f
	17;乗る電車間違えたら
	17;窓から飛び降りるもんじゃろ？　普通
@180
	11;-1
@184
	14;4;0
	8;0
	28;450.0f;200.0f
	17;は？　ま、何の事か判らんが、それは無い
@188
	11;-1
@192
	14;0;0
	8;0
	28;450.0f;200.0f
	17;ともかく、お前の自分勝手な行動が
	17;儂の邪魔になるんでね
@196
	11;-1
@200
	14;5;0
	8;0
	28;450.0f;200.0f
	17;入獄してもらったぞ
@204
	11;-1
@208
	13;3;0
	7;0
	28;180.0f;210.0f
	17;邪魔？
	17;お前は鬼傑組か勁牙組の奴なのか？
@212
	11;-1
@216
	14;2;0
	8;0
	28;450.0f;200.0f
	29;0
	19;19
	17;ふふっ
@220
	11;-1
@224
	14;6;0
	8;0
	28;450.0f;200.0f
	17;儂をあんな畜生どもと一緒にするとは
	17;お前は見る目が無いのう
@228
	11;-1
@232
	14;2;0
	8;0
	28;450.0f;200.0f
	17;儂は虚無を使って、異変を平定する者だ
@236
	11;-1
@240
	14;0;0
	8;0
	28;450.0f;200.0f
	17;まあ、黙って見ておれ
@244
	11;-1
@248
	14;1;0
	8;0
	28;450.0f;200.0f
	17;この残無の掌の上で踊る、愉快で愛しい者達をな
@252
	11;-1
	54
	4;0
	5;0
	6
	10;0
@282
	52
	0
@0
	0
entry 19 (255, 18, 0, 1)
@0
	10;0
@120
	10;0
@180
	21
@300
	22
	0
@0
	0
entry 20 (255, 18, 0, 2)
@0
	10;0
	1;0
	2;0
	44;180.0f;210.0f
	45;450.0f;200.0f
	46;5;0
	47;18;0
@4
	46;0;0
	42;0
@34
	10;1
	29;0
	17;世界は予定通りに進んでしまう
@38
	11;-1
@42
	46;6;0
	42;0
	17;残念じゃ
@46
	11;-1
	4;0
	5;0
	6
	10;0
@76
	0
@0
	0
