header(0, 0, 0, 0, 0, 0, 0, 0, 0, 0, 0, 0, 0, 0, 0, 0, 0, 0, 0, 0)
entry 0 (16, 19, 0, 0)
@0
	10;0
	1;0
	2;0
	44;130.0f;220.0f
	45;510.0f;220.0f
	46;1;0
	47;18;0
@4
	46;1;0
	42;0
@34
	10;1
	29;0
	17;やった！
@38
	11;-1
	4;0
	5;0
	6
	10;0
@68
	0
@0
	0
entry 1 (100, 0, 0, 0)
@0
	10;0
	1;0
	2;0
	44;130.0f;220.0f
	45;510.0f;220.0f
	46;6;0
	47;18;0
@4
	46;1;0
	42;0
@34
	10;1
	29;0
	17;博麗神社を抑えた！
	17;もう、私の勝ちは確定だ！
@38
	11;-1
	4;0
	5;0
	6
	10;0
@68
	0
@0
	0
entry 2 (50, 1, 0, 0)
@0
	10;0
	1;0
	2;0
	44;130.0f;220.0f
	45;510.0f;220.0f
	46;0;0
	47;18;0
@4
	46;2;0
	42;0
@34
	10;1
	29;0
	17;人間の魔法使いに負けるような私では無い！
@38
	11;-1
	4;0
	5;0
	6
	10;0
@68
	0
@0
	0
entry 3 (100, 2, 0, 0)
@0
	10;0
	1;0
	2;0
	44;130.0f;220.0f
	45;510.0f;220.0f
	46;0;0
	47;18;0
@4
	46;0;0
	42;0
@34
	10;1
	29;0
	17;何で神社が二つあるの？
	17;神社って複数あるもんなの？
@38
	11;-1
	4;0
	5;0
	6
	10;0
@68
	0
@0
	0
entry 4 (100, 3, 0, 0)
@0
	10;0
	1;0
	2;0
	44;130.0f;220.0f
	45;510.0f;220.0f
	46;0;0
	47;11;0
@4
	46;7;0
	42;0
@34
	10;1
	29;0
	17;あー、藍じゃない。
	17;覚えてる？　私、八千慧だよー？
@38
	11;-1
	4;0
	5;0
	6
	10;0
@68
	0
@0
	0
entry 5 (100, 4, 0, 0)
@0
	10;0
	1;0
	2;0
	44;130.0f;220.0f
	45;510.0f;220.0f
	46;0;0
	47;18;0
@4
	46;5;0
	42;0
@34
	10;1
	29;2
	17;こいつさえどうにかすれば
	17;博麗神社はがら空きなんだが……
@38
	11;-1
	4;0
	5;0
	6
	10;0
@68
	0
@0
	0
entry 6 (100, 5, 0, 0)
@0
	10;0
	1;0
	2;0
	44;130.0f;220.0f
	45;510.0f;220.0f
	46;0;0
	47;18;0
@4
	46;5;0
	42;0
@34
	10;1
	29;0
	17;中々賢くて役立ちそうな鼠だね
@38
	11;-1
	4;0
	5;0
	6
	10;0
@68
	0
@0
	0
entry 7 (100, 6, 0, 0)
@0
	10;0
	1;0
	2;0
	44;130.0f;220.0f
	45;510.0f;220.0f
	46;0;0
	47;18;0
@4
	46;7;0
	42;0
@34
	10;1
	29;0
	17;本当に月の都から来たの？
	17;とても信じられん……
@38
	11;-1
	4;0
	5;0
	6
	10;0
@68
	0
@0
	0
entry 8 (100, 7, 0, 0)
@0
	10;0
	1;0
	2;0
	44;130.0f;220.0f
	45;510.0f;220.0f
	46;0;0
	47;18;0
@4
	46;4;0
	42;0
@34
	10;1
	29;0
	17;死体を集めるのが趣味なんだって？
	17;饕餮とは相性良さそうだね
@38
	11;-1
	4;0
	5;0
	6
	10;0
@68
	0
@0
	0
entry 9 (100, 8, 0, 0)
@0
	10;0
	1;0
	2;0
	44;130.0f;220.0f
	45;510.0f;220.0f
	46;0;0
	47;15;0
@4
	46;5;0
	42;0
@34
	10;1
	29;0
	17;ほほう、管狐か
	17;こいつは戦うよりも、もっと有効的に使いたいね
@38
	11;-1
	4;0
	5;0
	6
	10;0
@68
	0
@0
	0
entry 10 (100, 9, 0, 0)
@0
	10;0
	1;0
	2;0
	44;130.0f;220.0f
	45;510.0f;220.0f
	46;0;0
	47;18;0
@4
	46;6;0
	42;0
@34
	10;1
	29;0
	17;ですよねー
	17;無能な部下が多いと大変ですよねー……
@38
	11;-1
	4;0
	5;0
	6
	10;0
@68
	0
@0
	0
entry 11 (100, 10, 0, 0)
@0
	10;0
	1;0
	2;0
	44;130.0f;220.0f
	45;510.0f;220.0f
	46;0;0
	47;14;0
@4
	46;4;0
	42;0
@34
	10;1
	29;0
	17;あら、ちょっと尻尾が伸びたかな
@38
	11;-1
	4;0
	5;0
	6
	10;0
@68
	0
@0
	0
entry 12 (100, 11, 0, 0)
@0
	10;0
	1;0
	2;0
	44;130.0f;220.0f
	45;510.0f;220.0f
	46;0;0
	47;18;0
@4
	46;4;0
	42;0
@34
	10;1
	29;0
	17;随分と弱くなったじゃない
	17;大丈夫？　調子悪いの？
@38
	11;-1
	4;0
	5;0
	6
	10;0
@68
	0
@0
	0
entry 13 (100, 12, 0, 0)
@0
	10;0
	1;0
	2;0
	44;130.0f;220.0f
	45;510.0f;220.0f
	46;0;0
	47;16;0
@4
	46;3;0
	42;0
@34
	10;1
	29;0
	17;尤魔にしては動きが鈍すぎるわ
	17;食べ過ぎじゃない？
@38
	11;-1
	4;0
	5;0
	6
	10;0
@68
	0
@0
	0
entry 14 (100, 13, 0, 0)
@0
	10;0
	1;0
	2;0
	44;130.0f;220.0f
	45;510.0f;220.0f
	46;0;0
	47;18;0
@4
	46;6;0
	42;0
@34
	10;1
	29;0
	17;伊吹萃香、最近見かけないと思ったら
	17;幻想郷に居たのね……
@38
	11;-1
	4;0
	5;0
	6
	10;0
@68
	0
@0
	0
entry 15 (100, 14, 0, 0)
@0
	10;0
	1;0
	2;0
	44;130.0f;220.0f
	45;510.0f;220.0f
	46;0;0
	47;18;0
@4
	46;5;0
	42;0
@34
	10;1
	29;0
	17;|132,9,きんこじゅ
	17;頭に付けてるその緊箍咒は
	17;ただの飾りだからね
@38
	11;-1
	4;0
	5;0
	6
	10;0
@68
	0
@0
	0
entry 16 (100, 14, 0, 2)
@0
	10;0
	1;0
	2;0
	44;130.0f;220.0f
	45;510.0f;220.0f
	46;0;0
	47;18;0
@4
	46;5;0
	42;0
@34
	10;1
	29;0
	17;貴方は、石から生まれた猿なのよ
	17;その設定、覚えておいてね
@38
	11;-1
	4;0
	5;0
	6
	10;0
@68
	0
@0
	0
entry 17 (100, 15, 0, 0)
@0
	10;0
	1;0
	2;0
	44;130.0f;220.0f
	45;510.0f;220.0f
	46;0;0
	47;18;0
@4
	46;7;0
	42;0
@34
	10;1
	29;0
	17;え？　そのトラバサミって頭のつもりなの？
	17;何その設定
@38
	11;-1
	4;0
	5;0
	6
	10;0
@68
	0
@0
	0
entry 18 (100, 16, 0, 0)
@0
	10;0
	1;0
	2;0
	44;130.0f;220.0f
	45;510.0f;220.0f
	46;0;0
	47;18;0
@4
	46;6;0
	42;0
@34
	10;1
	29;0
	17;尤魔の奴、何処でこんな妖怪を……？
@38
	11;-1
	4;0
	5;0
	6
	10;0
@68
	0
@0
	0
entry 19 (100, 17, 0, 0)
@0
	10;0
	1;0
	2;0
	44;130.0f;220.0f
	45;510.0f;220.0f
	46;0;0
	47;18;0
@4
	46;6;0
	42;0
@34
	10;1
	29;0
	17;背、高いのちょっと羨ましいなー
@38
	11;-1
	4;0
	5;0
	6
	10;0
@68
	0
@0
	0
entry 20 (100, 18, 0, 0)
@0
	10;0
	1;0
	2;0
	44;130.0f;220.0f
	45;510.0f;220.0f
	46;0;0
	47;18;0
@4
	46;3;0
	42;0
@34
	10;1
	29;0
	17;残無、様
	17;少々、お戯れが過ぎません？
@38
	11;-1
	4;0
	5;0
	6
	10;0
@68
	0
@0
	0
