header(0, 1073758208, 671121408, 268437504, 805371904, 469766144, 872677376, 0, 0, 0, 0, 0, 0, 0, 0, 0, 0, 0, 0, 0)
entry 0 (16, 19, 0, 0)
@0
	10;0
	1;0
	2;0
	44;130.0f;220.0f
	45;460.0f;220.0f
	46;1;0
	47;18;0
@4
	46;1;0
	42;0
@34
	10;1
	29;0
	17;やるぞー
@38
	11;-1
@42
	47;1;0
	43;0
	17;やるぞー
@46
	11;-1
	4;0
	5;0
	6
	10;0
@76
	52
	0
@0
	0
entry 1 (16, 19, 0, 1)
@0
	10;0
	1;0
	2;0
	44;130.0f;220.0f
	45;460.0f;220.0f
	46;1;0
	47;18;0
@4
	46;1;0
	42;0
@34
	10;1
	29;0
	17;|136,16,おこ
	17;私に勝とうなんて烏滸がましいわ！
@38
	11;-1
	4;0
	5;0
	6
	10;0
@68
	0
@0
	0
entry 2 (16, 19, 0, 2)
@0
	10;0
	1;0
	2;0
	44;130.0f;220.0f
	45;460.0f;220.0f
	46;5;0
	47;18;0
@4
	47;18;0
	43;0
@34
	10;1
	29;0
	17;くやしー
@38
	11;-1
	4;0
	5;0
	6
	10;0
@68
	0
@0
	0
entry 3 (255, 14, 0, 0)
@0
	10;0
	44;130.0f;220.0f
	45;460.0f;220.0f
	19;15
	1;0
	29;0
@4
	13;5;0
	7;0
	28;130.0f;220.0f
	17;よーし、そろそろだな
	17;幻想郷の斉天大聖よ
@8
	11;-1
	4;0
	10;0
	55
	18
	18
@108
	10;0
	28;160.0f;180.0f
	17;はっ、お呼びで
@128
	10;1
@132
	11;-1
	1;0
	2;0
	12
	13;5;0
@136
	14;0;0
	8;0
	28;460.0f;220.0f
	20;0
	17;いよいよ地上の制圧ですか？
@140
	11;-1
@144
	13;0;0
	7;0
	28;130.0f;220.0f
	17;機を見るに敏である
@148
	11;-1
@152
	13;5;0
	7;0
	28;130.0f;220.0f
	17;肉体を持った心強い仲間が手に入ったんだ
	17;もう始めよう
@156
	11;-1
@160
	13;1;0
	7;0
	28;130.0f;220.0f
	17;これが最後の稽古だ
	17;行くぞ！
@164
	11;-1
@168
	14;4;0
	8;0
	28;460.0f;220.0f
	17;あ、やっぱり戦うんですね
@172
	11;-1
	54
	4;0
	5;0
	6
	10;0
@202
	52
	0
@0
	0
entry 4 (255, 14, 0, 1)
@0
	10;0
	1;0
	2;0
	44;130.0f;220.0f
	45;460.0f;220.0f
	46;5;0
	47;14;0
@4
	46;0;0
	42;0
@34
	10;1
	29;0
	17;もう良いだろう
@38
	11;-1
@42
	46;0;0
	42;0
	17;お前には動物霊と一緒に
	17;制圧後の土地を守ってもらう
@46
	11;-1
@50
	47;10;0
	43;0
	17;ハッ
@54
	11;-1
@58
	47;16;0
	43;0
	17;して、八千慧様は？
@62
	11;-1
@66
	46;5;0
	42;0
	17;勁牙と剛欲の奴らを牽制する
@70
	11;-1
@74
	46;3;0
	42;0
	17;特に勁牙組にも新しい仲間が
	17;出来たそうなんでね
@78
	11;-1
	4;0
	5;0
	6
	10;0
@108
	0
@0
	0
entry 5 (255, 14, 0, 2)
@0
	10;0
	1;0
	2;0
	44;130.0f;220.0f
	45;460.0f;220.0f
	46;5;0
	47;18;0
@4
	46;4;0
	42;0
@34
	10;1
	29;0
	17;機は熟しすぎたんじゃないですかねぇ
@38
	11;-1
	4;0
	5;0
	6
	10;0
@68
	0
@0
	0
entry 6 (255, 15, 0, 0)
@0
	10;0
	44;130.0f;220.0f
	45;460.0f;220.0f
	19;16
	1;0
	29;0
@4
	13;1;0
	7;0
	28;130.0f;220.0f
	17;この辺だって話だけど
@8
	11;-1
	4;0
	10;0
	55
	18
	18
@108
	10;0
	28;160.0f;180.0f
	17;あ、その鱗のある長い尻尾は
@128
	10;1
@132
	11;-1
	1;0
	2;0
	12
	13;7;0
@136
	14;7;0
	8;0
	28;460.0f;220.0f
	20;0
	17;もしかして貴方は
	17;鬼傑組の吉弔組長！？
@140
	11;-1
@144
	14;6;0
	8;0
	28;460.0f;220.0f
	17;何故、ここに？
@148
	11;-1
@152
	13;5;0
	7;0
	28;130.0f;220.0f
	17;ふ、もう機は熟したのですよ
	17;生まれたての老狼ちゃん
@156
	11;-1
@160
	13;1;0
	7;0
	28;130.0f;220.0f
	17;祭の始まりだ！
@164
	11;-1
	54
	4;0
	5;0
	6
	10;0
@194
	52
	0
@0
	0
entry 7 (255, 15, 0, 1)
@0
	10;0
	1;0
	2;0
	44;130.0f;220.0f
	45;460.0f;220.0f
	46;5;0
	47;18;0
@4
	47;13;0
	43;0
@34
	10;1
	29;0
	17;こんな事して、早鬼様は黙っていないわ！
@38
	11;-1
@42
	46;0;0
	42;0
	17;当然でしょうね
@46
	11;-1
@50
	46;5;0
	42;0
	17;それも狙いの一つだから
@54
	11;-1
	4;0
	5;0
	6
	10;0
@84
	0
@0
	0
entry 8 (255, 15, 0, 2)
@0
	10;0
	1;0
	2;0
	44;130.0f;220.0f
	45;460.0f;220.0f
	46;5;0
	47;18;0
@4
	46;7;0
	42;0
@34
	10;1
	29;0
	17;あー、弱くてビックリした
@38
	11;-1
	4;0
	5;0
	6
	10;0
@68
	0
@0
	0
entry 9 (255, 11, 0, 0)
@0
	10;0
	44;130.0f;220.0f
	45;460.0f;220.0f
	19;23
	1;0
	29;0
@4
	13;0;0
	7;0
	28;130.0f;220.0f
	17;やはり、我々は弱肉強食の血族だな
@8
	11;-1
@12
	13;2;0
	7;0
	28;130.0f;220.0f
	17;能動的な戦闘に血湧き肉躍る思いだ
@16
	11;-1
	19;12
	4;0
	10;0
	55
	18
	18
@116
	10;0
	28;160.0f;180.0f
	17;おう
@136
	10;1
@140
	11;-1
	1;0
	2;0
	12
	13;7;0
@144
	14;5;0
	8;0
	28;460.0f;220.0f
	20;0
	17;八千慧の方から来るなんて珍しいな
@148
	11;-1
@152
	13;5;0
	7;0
	28;130.0f;220.0f
	17;もうこれ以上待てないんでね
@156
	11;-1
@160
	14;6;0
	8;0
	28;460.0f;220.0f
	17;慧ノ子の件は
	17;よくもやってくれたな
@164
	11;-1
@168
	14;3;0
	8;0
	28;460.0f;220.0f
	17;今まさにお前に報復しようと
	17;してたところだよ
@172
	11;-1
@176
	14;5;0
	8;0
	28;460.0f;220.0f
	17;遅くなったのは、おまえんところの猿が
	17;思ったより弱くてガッカリしてたからさ
@180
	11;-1
@184
	13;7;0
	7;0
	28;130.0f;220.0f
	17;な、お前
	17;美天を！？
@188
	11;-1
@192
	13;3;0
	7;0
	28;130.0f;220.0f
	17;ゆるさん
	17;覚悟しろ！
@196
	11;-1
@200
	14;1;0
	8;0
	28;460.0f;220.0f
	17;この世は弱肉強食だ！
	17;最後は非道で乱暴な奴が勝つ！
@204
	11;-1
	54
	4;0
	5;0
	6
	10;0
@234
	52
	0
@0
	0
entry 10 (255, 11, 0, 1)
@0
	10;0
	1;0
	2;0
	44;130.0f;220.0f
	45;460.0f;220.0f
	46;5;0
	47;16;0
@4
	46;6;0
	42;0
@34
	10;1
	29;0
	17;あれ？
	17;早鬼、弱くなってない？　がっかりだわー
@38
	11;-1
@42
	47;16;0
	43;0
	17;ック
	17;すまんな、いまいち本気になれなくて
@46
	11;-1
@50
	46;0;0
	42;0
	17;なんかあったの？
@54
	11;-1
@58
	47;13;0
	43;0
	29;3
	17;いや……まあ、しかし、どういうことだ？
	17;何故、慧ノ子に……
@62
	11;-1
@66
	46;0;0
	42;0
	29;0
	17;……
@70
	11;-1
	4;0
	5;0
	6
	10;0
@100
	0
@0
	0
entry 11 (255, 11, 0, 2)
@0
	10;0
	1;0
	2;0
	44;130.0f;220.0f
	45;460.0f;220.0f
	46;5;0
	47;18;0
@4
	46;2;0
	42;0
@34
	10;1
	29;0
	17;私の方が乱暴だったな！
@38
	11;-1
	4;0
	5;0
	6
	10;0
@68
	0
@0
	0
entry 12 (255, 16, 0, 0)
@0
	10;0
	44;130.0f;220.0f
	45;460.0f;220.0f
	19;22
	1;0
	29;0
@4
	13;0;0
	7;0
	28;130.0f;220.0f
	17;尤魔も仲間を作ったと聞いたな
@8
	11;-1
@12
	13;5;0
	7;0
	28;130.0f;220.0f
	17;孤独が大好きな彼奴にしては珍しいな
@16
	11;-1
@20
	13;0;0
	7;0
	28;130.0f;220.0f
	17;この辺での目撃情報が多いけど……
@24
	11;-1
@28
	13;1;0
	7;0
	28;130.0f;220.0f
	17;おーい、チュパカブラはいるかー？
@32
	11;-1
	4;0
	10;0
	55
	18
	18
@132
	10;0
	28;160.0f;180.0f
	17;誰だ？
@152
	10;1
@156
	11;-1
	1;0
	2;0
	12
	13;7;0
@160
	14;3;0
	8;0
	28;460.0f;220.0f
	17;自分はチュパカブラなんて
	17;珍妙な妖怪じゃない！
@164
	11;-1
@168
	14;3;0
	8;0
	28;460.0f;220.0f
	20;0
	17;|36,9,テンカジン
	17;私は天火人だ！
@172
	11;-1
@176
	13;0;0
	7;0
	28;130.0f;220.0f
	17;あ、そうなの？
	17;素で間違えてたわ、剛欲同盟のチュパカジンさん
@180
	11;-1
@184
	14;0;0
	8;0
	28;460.0f;220.0f
	17;剛欲同盟の名前を出すとは……
	17;お前は？
@188
	11;-1
@192
	13;0;0
	7;0
	28;130.0f;220.0f
	17;鬼傑組組長　吉弔八千慧だ
@196
	11;-1
@200
	14;7;0
	8;0
	28;460.0f;220.0f
	17;あー、鬼傑組……
	17;なるほどね
@204
	11;-1
@208
	14;3;0
	8;0
	28;460.0f;220.0f
	19;17
	17;饕餮に敵を見つけたら
	17;構わず殺せと言われてたな
@212
	11;-1
@216
	14;1;0
	8;0
	28;460.0f;220.0f
	29;1
	17;|8,16,おまえ
	17;鬼傑組は敵なんだろう？
	17;そうなんだろうー！？
@220
	11;-1
	54
	4;0
	5;0
	6
	10;0
@250
	52
	0
@0
	0
entry 13 (255, 16, 0, 1)
@0
	10;0
	1;0
	2;0
	44;130.0f;220.0f
	45;460.0f;220.0f
	46;5;0
	47;18;0
@4
	46;2;0
	42;0
@34
	10;1
	29;0
	17;よーし、勝負あった！
@38
	11;-1
@42
	47;14;0
	43;0
	17;さすが組長だな……
	17;尻尾のツヤが良い
@46
	11;-1
@50
	46;5;0
	42;0
	17;でしょー
	17;秘訣は早寝早起きよ
@54
	11;-1
@58
	47;11;0
	43;0
	17;よーし、私も早く寝よ
	17;今すぐ！
@62
	11;-1
@66
	46;2;0
	42;0
	17;尤魔が新しく仲間を作ったって
	17;聞いたときは奇妙に思ったけど
@70
	11;-1
@74
	46;5;0
	42;0
	17;なるほど、なんか納得した
@78
	11;-1
@82
	47;16;0
	43;0
	17;それはどういう意味？
@86
	11;-1
@90
	46;4;0
	42;0
	17;余りにも似たもの同士
@94
	11;-1
	4;0
	5;0
	6
	10;0
@124
	0
@0
	0
entry 14 (255, 16, 0, 2)
@0
	10;0
	1;0
	2;0
	44;130.0f;220.0f
	45;460.0f;220.0f
	46;5;0
	47;18;0
@4
	46;3;0
	42;0
@34
	10;1
	29;0
	17;なんだ、がっかりだ
	17;鬼傑組が弱すぎて
@38
	11;-1
	4;0
	5;0
	6
	10;0
@68
	0
@0
	0
entry 15 (255, 12, 0, 0)
@0
	10;0
	44;130.0f;220.0f
	45;450.0f;300.0f
	19;23
	1;0
	29;0
@4
	13;0;0
	7;0
	28;130.0f;220.0f
	17;挨拶回り
	17;残すは、饕餮尤魔だけか
@8
	11;-1
@12
	13;6;0
	7;0
	28;130.0f;220.0f
	17;あいつ、ここんところ畜生界にいなかった
	17;みたいだからなー
@16
	11;-1
@20
	13;5;0
	7;0
	28;130.0f;220.0f
	17;気を引き締めないと
@24
	11;-1
	4;0
	10;0
	55
	18
	18
@124
	10;0
	28;160.0f;180.0f
	17;おー、八千慧か
@144
	10;1
@148
	11;-1
	1;0
	2;0
	12
	13;7;0
@152
	14;2;0
	8;0
	28;450.0f;300.0f
	20;0
	17;いよいよ始める気になったんだな
@156
	11;-1
@160
	14;5;0
	8;0
	28;450.0f;300.0f
	17;ちなみにちやりの件は聞いたよ
@164
	11;-1
@168
	14;5;0
	8;0
	28;450.0f;300.0f
	17;ま、お前に勝てないんじゃあ所詮それまでさ
@172
	11;-1
@176
	13;0;0
	7;0
	28;130.0f;220.0f
	17;冷たいね
	17;それが組織のリーダーの態度で良いの？
@180
	11;-1
@184
	14;6;0
	8;0
	28;450.0f;300.0f
	17;むしろ優しさだよ
	17;弱い奴を煽てて苦しませる方が残酷だ
@188
	11;-1
@192
	13;4;0
	7;0
	28;130.0f;220.0f
	17;ま、他の組織の方針に口出すのは良くないな
@196
	11;-1
@200
	14;5;0
	8;0
	28;450.0f;300.0f
	19;13
	17;それよりさっさとやろうぜ
@204
	11;-1
@208
	14;1;0
	8;0
	28;450.0f;300.0f
	17;お前の尻尾でジャイアントスイングしたくて
	17;うずうずしてるんだ！
@212
	11;-1
	17;NOT
	54
	4;0
	5;0
	6
	10;0
@242
	52
	0
@0
	0
entry 16 (255, 12, 0, 1)
@0
	10;0
	1;0
	2;0
	44;130.0f;220.0f
	45;450.0f;300.0f
	46;5;0
	47;18;0
@4
	46;2;0
	42;0
@34
	10;1
	29;0
	17;勝負ありだ！
@38
	11;-1
@42
	47;18;0
	43;0
	17;今回は負けを認めよう
@46
	11;-1
@50
	47;10;0
	43;0
	17;それにしてもお前らしくないな
@54
	11;-1
@58
	47;11;0
	43;0
	17;こんな正々堂々と戦いに挑むなんて
@62
	11;-1
@66
	46;5;0
	42;0
	17;確かにね
	17;|51,6,そうじょう
	17;異変の騒擾に狂わされたか、それとも……
@70
	11;-1
@74
	47;17;0
	43;0
	17;お、お前も何かバックにいる奴に
	17;気付いているみたいだな
@78
	11;-1
@82
	47;12;0
	43;0
	17;安心したぜ
@86
	11;-1
	4;0
	5;0
	6
	10;0
@116
	0
@0
	0
entry 17 (255, 12, 0, 2)
@0
	10;0
	1;0
	2;0
	44;130.0f;220.0f
	45;450.0f;300.0f
	46;5;0
	47;18;0
@4
	46;2;0
	42;0
@34
	10;1
	29;0
	17;戦いは、最高の調味料だ
@38
	11;-1
	4;0
	5;0
	6
	10;0
@68
	0
@0
	0
entry 18 (255, 18, 0, 0)
@0
	10;0
	44;130.0f;220.0f
	45;450.0f;200.0f
	19;23
	1;0
	29;0
@4
	13;0;0
	7;0
	28;130.0f;220.0f
	17;ここに辿り着くのに
	17;随分と時間が掛かってしまったな
@8
	11;-1
@12
	13;2;0
	7;0
	28;130.0f;220.0f
	17;隠れてないで出てこい
@16
	11;-1
	4;0
	10;0
	55
	18
	18
@116
	10;0
	28;160.0f;180.0f
	17;隠れるのは鬼の本分じゃ
@136
	10;1
@140
	11;-1
	1;0
	2;0
	12
	13;7;0
@144
	14;5;0
	8;0
	28;450.0f;200.0f
	20;0
	17;なんか用か？
	17;鬼傑組組長　吉弔八千慧どの
@148
	11;-1
@152
	13;0;0
	7;0
	28;130.0f;220.0f
	17;美天の持っている武器に移送の罠が
	17;仕掛けてある事には気付いていた
@156
	11;-1
@160
	13;6;0
	7;0
	28;130.0f;220.0f
	17;それでも美天は鬼傑組にとって
	17;得になるから気にしていなかった
@164
	11;-1
@168
	13;3;0
	7;0
	28;130.0f;220.0f
	17;勁牙組の新しい妖獣にも
	17;同じ罠を見つけるまではな！
@172
	11;-1
@176
	14;5;0
	8;0
	28;450.0f;200.0f
	17;それがどうした？
	17;こんなご時世だ、罠なんてそこら中にあるぞ？
@180
	11;-1
@184
	13;6;0
	7;0
	28;130.0f;220.0f
	17;最初に聖域の猿の話を
	17;持ちかけてきたのは貴方だ……
@188
	11;-1
@192
	13;3;0
	7;0
	28;130.0f;220.0f
	17;いや、こんな回りくどい真似
	17;最初から貴方くらいしかやらない
@196
	11;-1
@200
	13;3;0
	7;0
	28;130.0f;220.0f
	17;どうせ畜生界の三勢力に同士討ちさせて
	17;漁夫の利をかっさらう。って腹だったんでしょ！？
@204
	11;-1
@208
	14;2;0
	8;0
	28;450.0f;200.0f
	29;0
	19;19
	17;ふっ
@212
	11;-1
@216
	14;5;0
	8;0
	28;450.0f;200.0f
	17;気が付くの、遅すぎなんだよ
	17;畜生界の畜生どもめが
@220
	11;-1
@224
	14;5;0
	8;0
	28;450.0f;200.0f
	17;ただし、漁夫の利をかっさらう
	17;だなんて儂を馬鹿にするなよ
@228
	11;-1
@232
	14;1;0
	8;0
	28;450.0f;200.0f
	29;1
	17;最初から全て、儂の利だ！
	17;判ったか畜生めが！
@236
	11;-1
	54
	4;0
	5;0
	6
	10;0
@266
	52
	0
@0
	0
entry 19 (255, 18, 0, 1)
@0
	10;0
@120
	10;0
@180
	21
@300
	22
	0
@0
	0
entry 20 (255, 18, 0, 2)
@0
	10;0
	1;0
	2;0
	44;130.0f;220.0f
	45;450.0f;200.0f
	46;5;0
	47;18;0
@4
	46;5;0
	42;0
@34
	10;1
	29;0
	17;どれ、もう一戦するぞ
	17;八千慧殿
@38
	11;-1
	4;0
	5;0
	6
	10;0
@68
	0
@0
	0
