header(0, 0, 0, 0, 0, 0, 0, 0, 0, 0, 0, 0, 0, 0, 0, 0, 0, 0, 0, 0)
entry 0 (16, 19, 0, 0)
@0
	10;0
	1;0
	2;0
	44;160.0f;220.0f
	45;480.0f;220.0f
	46;1;0
	47;18;0
@4
	46;1;0
	42;0
@34
	10;1
	29;0
	17;やった！
@38
	11;-1
	4;0
	5;0
	6
	10;0
@68
	0
@0
	0
entry 1 (100, 0, 0, 0)
@0
	10;0
	1;0
	2;0
	44;160.0f;220.0f
	45;480.0f;220.0f
	46;6;0
	47;18;0
@4
	46;3;0
	42;0
@34
	10;1
	29;0
	17;そんな程度か！
	17;そんな弱い霊夢は認めないぞ
@38
	11;-1
	4;0
	5;0
	6
	10;0
@68
	0
@0
	0
entry 2 (50, 1, 0, 0)
@0
	10;0
	1;0
	2;0
	44;160.0f;220.0f
	45;480.0f;220.0f
	46;0;0
	47;18;0
@4
	46;0;0
	42;0
@34
	10;1
	29;0
	17;お前の攻撃は嫌いではないな
	17;直線的で
@38
	11;-1
	4;0
	5;0
	6
	10;0
@68
	0
@0
	0
entry 3 (100, 2, 0, 0)
@0
	10;0
	1;0
	2;0
	44;160.0f;220.0f
	45;480.0f;220.0f
	46;0;0
	47;18;0
@4
	46;5;0
	42;0
@34
	10;1
	29;0
	17;人間にしては強いが、ただそれだけだ
	17;絶対的には弱すぎる！
@38
	11;-1
	4;0
	5;0
	6
	10;0
@68
	0
@0
	0
entry 4 (100, 3, 0, 0)
@0
	10;0
	1;0
	2;0
	44;160.0f;220.0f
	45;480.0f;220.0f
	46;0;0
	47;18;0
@4
	46;7;0
	42;0
@34
	10;1
	29;0
	17;おお、お前、昔、畜生界にいなかったか？
@38
	11;-1
	4;0
	5;0
	6
	10;0
@68
	0
@0
	0
entry 5 (100, 4, 0, 0)
@0
	10;0
	1;0
	2;0
	44;160.0f;220.0f
	45;480.0f;220.0f
	46;0;0
	47;18;0
@4
	46;4;0
	42;0
@34
	10;1
	29;0
	17;狛犬……畜生界では見かけない犬だな
@38
	11;-1
	4;0
	5;0
	6
	10;0
@68
	0
@0
	0
entry 6 (100, 5, 0, 0)
@0
	10;0
	1;0
	2;0
	44;160.0f;220.0f
	45;480.0f;220.0f
	46;0;0
	47;18;0
@4
	46;2;0
	42;0
@34
	10;1
	29;0
	17;的が小さいと当たりづらい
	17;その利点を活かせばもっと強くなれるぞ
@38
	11;-1
	4;0
	5;0
	6
	10;0
@68
	0
@0
	0
entry 7 (100, 6, 0, 0)
@0
	10;0
	1;0
	2;0
	44;160.0f;220.0f
	45;480.0f;220.0f
	46;0;0
	47;18;0
@4
	46;0;0
	42;0
@34
	10;1
	29;0
	17;その昔、妖獣たちは月に攻め入った事が
	17;あるという伝説がある
@38
	11;-1
@42
	46;4;0
	42;0
	17;あくまで伝説だけどな
@46
	11;-1
	4;0
	5;0
	6
	10;0
@76
	0
@0
	0
entry 8 (100, 7, 0, 0)
@0
	10;0
	1;0
	2;0
	44;160.0f;220.0f
	45;480.0f;220.0f
	46;0;0
	47;18;0
@4
	46;2;0
	42;0
@34
	10;1
	29;0
	17;そんなに死体が欲しければ
	17;今すぐに一つ作ってやろうか
@38
	11;-1
	4;0
	5;0
	6
	10;0
@68
	0
@0
	0
entry 9 (100, 8, 0, 0)
@0
	10;0
	1;0
	2;0
	44;160.0f;220.0f
	45;480.0f;220.0f
	46;0;0
	47;18;0
@4
	46;5;0
	42;0
@34
	10;1
	29;0
	17;ふっふっふ、金さえ払えば汚れ仕事を
	17;やってくれるとは、やはり下賤な妖怪だな
@38
	11;-1
	4;0
	5;0
	6
	10;0
@68
	0
@0
	0
entry 10 (100, 9, 0, 0)
@0
	10;0
	1;0
	2;0
	44;160.0f;220.0f
	45;480.0f;220.0f
	46;0;0
	47;15;0
@4
	46;7;0
	42;0
@34
	10;1
	29;0
	17;何と、外の世界の狸の大親分でしたか
	17;それはそれは、失礼致しました……
@38
	11;-1
	4;0
	5;0
	6
	10;0
@68
	0
@0
	0
entry 11 (100, 10, 0, 0)
@0
	10;0
	1;0
	2;0
	44;160.0f;220.0f
	45;480.0f;220.0f
	46;0;0
	47;18;0
@4
	46;3;0
	42;0
@34
	10;1
	29;0
	17;弱い！
	17;|40,16,おまえ
	17;弱い八千慧なんて死ねばよい！
@38
	11;-1
	4;0
	5;0
	6
	10;0
@68
	0
@0
	0
entry 12 (100, 11, 0, 0)
@0
	10;0
	1;0
	2;0
	44;160.0f;220.0f
	45;480.0f;220.0f
	46;0;0
	47;18;0
@4
	46;5;0
	42;0
@34
	10;1
	29;0
	17;お前が誰だか判らんが、私に敵うと思うな！
@38
	11;-1
	4;0
	5;0
	6
	10;0
@68
	0
@0
	0
entry 13 (100, 12, 0, 0)
@0
	10;0
	1;0
	2;0
	44;160.0f;220.0f
	45;480.0f;220.0f
	46;0;0
	47;18;0
@4
	46;3;0
	42;0
@34
	10;1
	29;0
	17;尤魔がそんなに弱いはずが無い！
	17;狸か狐か？　偽物は去れ！
@38
	11;-1
	4;0
	5;0
	6
	10;0
@68
	0
@0
	0
entry 14 (100, 13, 0, 0)
@0
	10;0
	1;0
	2;0
	44;160.0f;220.0f
	45;480.0f;220.0f
	46;0;0
	47;18;0
@4
	46;0;0
	42;0
@34
	10;1
	29;0
	17;萃香殿……
	17;なるほど、今は幻想郷に住んでいるのですか？
@38
	11;-1
	4;0
	5;0
	6
	10;0
@68
	0
@0
	0
entry 15 (100, 14, 0, 0)
@0
	10;0
	1;0
	2;0
	44;160.0f;220.0f
	45;480.0f;220.0f
	46;0;0
	47;18;0
@4
	46;5;0
	42;0
@34
	10;1
	29;0
	17;そんな脆そうな武器を使って……
	17;戦いを舐めてるのか
@38
	11;-1
	4;0
	5;0
	6
	10;0
@68
	0
@0
	0
entry 16 (100, 15, 0, 0)
@0
	10;0
	1;0
	2;0
	44;160.0f;220.0f
	45;480.0f;220.0f
	46;0;0
	47;11;0
@4
	46;2;0
	42;0
@34
	10;1
	29;0
	17;何という力強い武器だ……
	17;お前はまるで森のケルベロスだな
@38
	11;-1
	4;0
	5;0
	6
	10;0
@68
	0
@0
	0
entry 17 (100, 16, 0, 0)
@0
	10;0
	1;0
	2;0
	44;160.0f;220.0f
	45;480.0f;220.0f
	46;0;0
	47;18;0
@4
	46;5;0
	42;0
@34
	10;1
	29;0
	17;チュパカブラだー
	17;見つけたら幸せになるんだっけ？
@38
	11;-1
	4;0
	5;0
	6
	10;0
@68
	0
@0
	0
entry 18 (100, 17, 0, 0)
@0
	10;0
	1;0
	2;0
	44;160.0f;220.0f
	45;480.0f;220.0f
	46;0;0
	47;12;0
@4
	46;7;0
	42;0
@34
	10;1
	29;0
	17;げ、ここまで追いかけてきた？
	17;逃げ足なら負けないと思ってたのに
@38
	11;-1
	4;0
	5;0
	6
	10;0
@68
	0
@0
	0
entry 19 (100, 18, 0, 0)
@0
	10;0
	1;0
	2;0
	44;160.0f;220.0f
	45;480.0f;220.0f
	46;0;0
	47;15;0
@4
	46;1;0
	42;0
@34
	10;1
	29;0
	17;残無様！
	17;是非、我が勁牙組に無垢の力を！
@38
	11;-1
	4;0
	5;0
	6
	10;0
@68
	0
@0
	0
