header(0, 671121408, 738263040, 939528192, 1073758208, 268436480, 872677376, 0, 0, 0, 0, 0, 0, 0, 0, 0, 0, 0, 0, 0)
entry 0 (16, 19, 0, 0)
@0
	10;0
	1;0
	2;0
	44;160.0f;220.0f
	45;460.0f;220.0f
	46;1;0
	47;18;0
@4
	46;1;0
	42;0
@34
	10;1
	29;0
	17;やるぞー
@38
	11;-1
@42
	47;1;0
	43;0
	17;やるぞー
@46
	11;-1
	4;0
	5;0
	6
	10;0
@76
	52
	0
@0
	0
entry 1 (16, 19, 0, 1)
@0
	10;0
	1;0
	2;0
	44;160.0f;220.0f
	45;460.0f;220.0f
	46;1;0
	47;18;0
@4
	46;1;0
	42;0
@34
	10;1
	29;0
	17;|136,16,おこ
	17;私に勝とうなんて烏滸がましいわ！
@38
	11;-1
	4;0
	5;0
	6
	10;0
@68
	0
@0
	0
entry 2 (16, 19, 0, 2)
@0
	10;0
	1;0
	2;0
	44;160.0f;220.0f
	45;460.0f;220.0f
	46;5;0
	47;18;0
@4
	47;18;0
	43;0
@34
	10;1
	29;0
	17;くやしー
@38
	11;-1
	4;0
	5;0
	6
	10;0
@68
	0
@0
	0
entry 3 (255, 15, 0, 0)
@0
	10;0
	44;160.0f;220.0f
	45;460.0f;220.0f
	19;16
	1;0
	29;0
@4
	13;5;0
	7;0
	28;160.0f;220.0f
	17;いるか？
@8
	11;-1
	4;0
	10;0
	55
	18
	18
@108
	10;0
	28;160.0f;180.0f
	17;はっ、早鬼様
@128
	10;1
@132
	11;-1
	1;0
	2;0
	12
	13;0;0
@136
	14;0;0
	8;0
	28;460.0f;220.0f
	20;0
	17;準備は出来ています
@140
	11;-1
@144
	13;0;0
	7;0
	28;160.0f;220.0f
	17;いよいよ決戦の時だ
	17;最後の準備運動をするぞ
@148
	11;-1
@152
	14;4;0
	8;0
	28;460.0f;220.0f
	17;はい
	17;でも、それって本当に必要なんですかね……
@156
	11;-1
@160
	13;1;0
	7;0
	28;160.0f;220.0f
	17;つべこべ言うな
	17;行くぞ！
@164
	11;-1
	54
	4;0
	5;0
	6
	10;0
@194
	52
	0
@0
	0
entry 4 (255, 15, 0, 1)
@0
	10;0
	1;0
	2;0
	44;160.0f;220.0f
	45;460.0f;220.0f
	46;5;0
	47;18;0
@4
	46;2;0
	42;0
@34
	10;1
	29;0
	17;|100,8,なま
	17;よし、身体は鈍っていない！
@38
	11;-1
@42
	47;18;0
	43;0
	17;連日、戦ってますから鈍る暇も有りませんよ
@46
	11;-1
@50
	46;0;0
	42;0
	17;お前は地上の妖怪達から大地を守れ
@54
	11;-1
@58
	46;1;0
	42;0
	17;私は厄介な相手を制してくる
@62
	11;-1
	4;0
	5;0
	6
	10;0
@92
	0
@0
	0
entry 5 (255, 15, 0, 2)
@0
	10;0
	1;0
	2;0
	44;160.0f;220.0f
	45;460.0f;220.0f
	46;5;0
	47;18;0
@4
	46;1;0
	42;0
@34
	10;1
	29;0
	17;やっと本格的に戦えるんですね
@38
	11;-1
	4;0
	5;0
	6
	10;0
@68
	0
@0
	0
entry 6 (255, 16, 0, 0)
@0
	10;0
	44;160.0f;220.0f
	45;460.0f;220.0f
	19;22
	1;0
	29;0
@4
	13;0;0
	7;0
	28;160.0f;220.0f
	17;旧血の池地獄に行くには
	17;旧灼熱地獄を抜けなければ行けなかったよな
@8
	11;-1
@12
	13;4;0
	7;0
	28;160.0f;220.0f
	17;旧血の池地獄なんて遠い場所に
	17;よくいるなぁ
@16
	11;-1
@20
	13;6;0
	7;0
	28;160.0f;220.0f
	17;まあ饕餮は気難しい奴だし
	17;人に会わない方が気楽なんだろうな
@24
	11;-1
	4;0
	10;0
	55
	18
	18
@124
	10;0
	28;160.0f;180.0f
	17;おっとっと
@144
	10;1
@148
	11;-1
	1;0
	2;0
	12
	13;7;0
@152
	14;7;0
	8;0
	28;460.0f;220.0f
	20;0
	17;お空かと思ったら別キャラだ！
@156
	11;-1
@160
	14;0;0
	8;0
	28;460.0f;220.0f
	17;誰？
@164
	11;-1
@168
	13;0;0
	7;0
	28;160.0f;220.0f
	17;勁牙組組長　驪駒早鬼！
	17;お前はもしかして……
@172
	11;-1
@176
	13;5;0
	7;0
	28;160.0f;220.0f
	17;噂に聞いた饕餮の仲間の……
@180
	11;-1
@184
	13;2;0
	7;0
	28;160.0f;220.0f
	17;チュパカブラ！
@188
	11;-1
@192
	14;3;0
	8;0
	28;460.0f;220.0f
	17;自分はチュパカブラなんて
	17;珍妙な妖怪じゃない！
@196
	11;-1
@200
	14;3;0
	8;0
	28;460.0f;220.0f
	20;0
	17;|36,9,テンカジン
	17;私は天火人だ！
@204
	11;-1
@208
	14;3;0
	8;0
	28;460.0f;220.0f
	19;17
	17;饕餮に敵を見つけたら
	17;構わず殺せと言われてたな
@212
	11;-1
@216
	14;1;0
	8;0
	28;460.0f;220.0f
	29;1
	17;|8,16,おまえ
	17;勁牙組は敵なんだろう？
	17;そうなんだろうー！？
@220
	11;-1
	54
	4;0
	5;0
	6
	10;0
@250
	52
	0
@0
	0
entry 7 (255, 16, 0, 1)
@0
	10;0
	1;0
	2;0
	44;160.0f;220.0f
	45;460.0f;220.0f
	46;5;0
	47;18;0
@4
	46;0;0
	42;0
@34
	10;1
	29;0
	17;どうだ
@38
	11;-1
@42
	47;10;0
	43;0
	17;降参降参
@46
	11;-1
@50
	46;0;0
	42;0
	17;このまま饕餮も倒すとするか
	17;この先にいるんだろ？
@54
	11;-1
	50;0
@58
	47;18;0
	43;0
	17;いやあ噂だと
	17;勁牙組ってのは筋肉馬鹿だって聞いてたけど
@62
	11;-1
@66
	47;15;0
	43;0
	17;筋肉大馬鹿だったな
	17;嫌いじゃ無い
@70
	11;-1
	4;0
	5;0
	6
	10;0
@100
	0
@0
	0
entry 8 (255, 16, 0, 2)
@0
	10;0
	1;0
	2;0
	44;160.0f;220.0f
	45;460.0f;220.0f
	46;5;0
	47;18;0
@4
	46;6;0
	42;0
@34
	10;1
	29;0
	17;おいおい、勁牙組ってのはザコの集まりかー？
@38
	11;-1
	4;0
	5;0
	6
	10;0
@68
	0
@0
	0
entry 9 (255, 12, 0, 0)
@0
	10;0
	44;160.0f;220.0f
	45;450.0f;300.0f
	19;22
	1;0
	29;0
@4
	13;6;0
	7;0
	28;160.0f;220.0f
	17;うわー、こんなとこ畜生の住む場所じゃ無いな
@8
	11;-1
@12
	13;0;0
	7;0
	28;160.0f;220.0f
	17;おーい、尤魔ー
	17;いるんだろー
@16
	11;-1
	4;0
	10;0
	55
	18
	18
@116
	10;0
	28;160.0f;180.0f
	17;誰だ？
@136
	10;1
@140
	11;-1
	1;0
	2;0
	12
	13;7;0
@144
	14;7;0
	8;0
	28;450.0f;300.0f
	20;0
	17;おお、早鬼か
@148
	11;-1
@152
	13;0;0
	7;0
	28;160.0f;220.0f
	17;ここはまた……
	17;お前にぴったりな良い場所見つけたな
@156
	11;-1
@160
	14;5;0
	8;0
	28;450.0f;300.0f
	17;ふん、誰も手を付けようとしない
	17;呪いに呪われた土地だ
@164
	11;-1
@168
	14;0;0
	8;0
	28;450.0f;300.0f
	17;欲しくても上げないぞ
@172
	11;-1
@176
	13;4;0
	7;0
	28;160.0f;220.0f
	17;ま、いらんけどな
@180
	11;-1
@184
	14;5;0
	8;0
	28;450.0f;300.0f
	19;13
	17;それよりさっさとやろうぜ
@188
	11;-1
@192
	14;5;0
	8;0
	28;450.0f;300.0f
	17;食材に戦いに来たって書いてある
@196
	11;-1
@200
	14;1;0
	8;0
	28;450.0f;300.0f
	17;今夜は馬刺しと焼き鳥だぜー！
@204
	11;-1
	54
	4;0
	5;0
	6
	10;0
@234
	52
	0
@0
	0
entry 10 (255, 12, 0, 1)
@0
	10;0
	1;0
	2;0
	44;160.0f;220.0f
	45;450.0f;300.0f
	46;5;0
	47;18;0
@4
	46;2;0
	42;0
@34
	10;1
	29;0
	17;勝負あり！
@38
	11;-1
@42
	47;18;0
	43;0
	17;今回は負けを認めよう
@46
	11;-1
@50
	47;18;0
	43;0
	17;正々堂々と乗り込まれて
	17;正々堂々と戦いを挑まれたな
@54
	11;-1
@58
	47;10;0
	43;0
	17;ということは地上では
	17;もう始まってるんかい？
@62
	11;-1
@66
	46;0;0
	42;0
	17;始まったばかりね
@70
	11;-1
@74
	47;10;0
	43;0
	17;気が付いているか？
@78
	11;-1
@82
	46;6;0
	42;0
	17;ん？
@86
	11;-1
@90
	47;15;0
	43;0
	17;敵は、私でも八千慧でも
	17;ましてや霊夢でも無いぞ
@94
	11;-1
@98
	46;5;0
	42;0
	17;ふっ
@102
	11;-1
	4;0
	5;0
	6
	10;0
@132
	0
@0
	0
entry 11 (255, 12, 0, 2)
@0
	10;0
	1;0
	2;0
	44;160.0f;220.0f
	45;450.0f;300.0f
	46;5;0
	47;16;0
@4
	46;3;0
	42;0
@34
	10;1
	29;0
	17;ふざけるな！
	17;そんな弱い早鬼なんて認めないぞ
@38
	11;-1
	4;0
	5;0
	6
	10;0
@68
	0
@0
	0
entry 12 (255, 14, 0, 0)
@0
	10;0
	44;160.0f;220.0f
	45;460.0f;220.0f
	19;22
	1;0
	29;0
@4
	13;0;0
	7;0
	28;160.0f;220.0f
	29;2
	17;敵は、尤魔でも八千慧でも
	17;ましてや霊夢でも無い……？
@8
	11;-1
@12
	13;4;0
	7;0
	28;160.0f;220.0f
	29;0
	17;どゆこと？
@16
	11;-1
@20
	13;3;0
	7;0
	28;160.0f;220.0f
	17;まあいい、さっき慧ノ子が八千慧に
	17;やられたって聞いた
@24
	11;-1
@28
	13;3;0
	7;0
	28;160.0f;220.0f
	17;まずは報復あるのみだ！
@32
	11;-1
	4;0
	10;0
	55
	18
	18
@132
	10;0
	28;160.0f;180.0f
	17;あ、貴方は
@152
	10;1
@156
	11;-1
	1;0
	2;0
	12
	13;7;0
@160
	14;5;0
	8;0
	28;460.0f;220.0f
	20;0
	17;勁牙組の組長　驪駒早鬼！
@164
	11;-1
@168
	14;0;0
	8;0
	28;460.0f;220.0f
	17;八千慧様が戦うって
	17;言ってたのに
@172
	11;-1
@176
	13;0;0
	7;0
	28;160.0f;220.0f
	17;私がここに来た理由が
	17;判っているみたいだな
@180
	11;-1
@184
	14;1;0
	8;0
	28;460.0f;220.0f
	19;15
	17;よーし、幹部と戦ってみたかったんだー！
@188
	11;-1
@192
	14;1;0
	8;0
	28;460.0f;220.0f
	17;覚悟しろ、馬女め！
@196
	11;-1
	54
	4;0
	5;0
	6
	10;0
@226
	52
	0
@0
	0
entry 13 (255, 14, 0, 1)
@0
	10;0
	1;0
	2;0
	44;160.0f;220.0f
	45;460.0f;220.0f
	46;5;0
	47;18;0
@4
	46;2;0
	42;0
@34
	10;1
	29;0
	17;勝負あり！
@38
	11;-1
@42
	47;12;0
	43;0
	17;さっすがー
	17;組長クラスは強いです
@46
	11;-1
@50
	46;4;0
	42;0
	17;いや、実に残念だ
@54
	11;-1
@58
	47;10;0
	43;0
	17;残念？
	17;何がです？
@62
	11;-1
@66
	46;4;0
	42;0
	17;お前みたいな戦闘技能の高い者は
	17;鬼傑組では活かされぬ
@70
	11;-1
@74
	46;5;0
	42;0
	17;うちに欲しかったよ
@78
	11;-1
	4;0
	5;0
	6
	10;0
@108
	0
@0
	0
entry 14 (255, 14, 0, 2)
@0
	10;0
	1;0
	2;0
	44;160.0f;220.0f
	45;460.0f;220.0f
	46;5;0
	47;18;0
@4
	46;7;0
	42;0
@34
	10;1
	29;0
	17;え？　よわ！
@38
	11;-1
	4;0
	5;0
	6
	10;0
@68
	0
@0
	0
entry 15 (255, 10, 0, 0)
@0
	10;0
	44;160.0f;220.0f
	45;500.0f;220.0f
	19;23
	1;0
	29;0
@4
	13;7;0
	7;0
	28;160.0f;220.0f
	17;どういうことだ？
	17;傷ついた慧ノ子に近づいた人間が消えた、だと？
@8
	11;-1
@12
	13;6;0
	7;0
	28;160.0f;220.0f
	17;判った、もっとオオカミ霊を増援して監視させる
@16
	11;-1
@20
	13;0;0
	7;0
	28;160.0f;220.0f
	17;慧ノ子に何があるんだ？
@24
	11;-1
	19;11
	4;0
	10;0
	55
	18
	18
@124
	10;0
	28;160.0f;180.0f
	17;おーい、ここに居たか
@144
	10;1
@148
	11;-1
	1;0
	2;0
	12
	13;7;0
@152
	14;5;0
	8;0
	28;500.0f;220.0f
	20;0
	17;おまえも、もう準備は出来て居るみたいね
@156
	11;-1
@160
	13;5;0
	7;0
	28;160.0f;220.0f
	17;もうこれ以上待てないんでね
@164
	11;-1
@168
	13;6;0
	7;0
	28;160.0f;220.0f
	17;慧ノ子の件は
	17;よくもやってくれたな
@172
	11;-1
@176
	13;3;0
	7;0
	28;160.0f;220.0f
	17;今まさにお前に報復しようと
	17;してたところだよ
@180
	11;-1
@184
	13;5;0
	7;0
	28;160.0f;220.0f
	17;ちなみに、おまえんところの猿が
	17;思ったより弱くてガッカリしたぞ
@188
	11;-1
@192
	14;7;0
	8;0
	28;500.0f;220.0f
	17;な、お前
	17;美天を！？
@196
	11;-1
@200
	14;3;0
	8;0
	28;500.0f;220.0f
	17;ゆるさん
	17;覚悟しろ！
@204
	11;-1
@208
	13;1;0
	7;0
	28;160.0f;220.0f
	17;この世は弱肉強食だ！
	17;最後は非道で乱暴な奴が勝つ！
@212
	11;-1
	54
	4;0
	5;0
	6
	10;0
@242
	52
	0
@0
	0
entry 16 (255, 10, 0, 1)
@0
	10;0
	1;0
	2;0
	44;160.0f;220.0f
	45;500.0f;220.0f
	46;5;0
	47;18;0
@4
	46;2;0
	42;0
@34
	10;1
	29;0
	17;ほほう、正々堂々と戦っても
	17;強いじゃ無いか
@38
	11;-1
@42
	47;16;0
	43;0
	17;くー、やっぱり搦手で攻撃すれば良かった
@46
	11;-1
@50
	46;6;0
	42;0
	29;3
	17;いや……まあ、しかし、どういうことだ？
	17;何故、慧ノ子に……
@54
	11;-1
@58
	46;4;0
	42;0
	29;0
	17;丁度良い、恥を忍んでお前に相談する
@62
	11;-1
@66
	46;0;0
	42;0
	17;……
@70
	11;-1
@74
	47;17;0
	43;0
	17;……
@78
	11;-1
@82
	47;15;0
	43;0
	17;……
@86
	11;-1
	4;0
	5;0
	6
	10;0
@116
	0
@0
	0
entry 17 (255, 10, 0, 2)
@0
	10;0
	1;0
	2;0
	44;160.0f;220.0f
	45;500.0f;220.0f
	46;5;0
	47;18;0
@4
	46;5;0
	42;0
@34
	10;1
	29;0
	17;お前から強さをとったら何も残らないよ
@38
	11;-1
	4;0
	5;0
	6
	10;0
@68
	0
@0
	0
entry 18 (255, 18, 0, 0)
@0
	10;0
	44;160.0f;220.0f
	45;450.0f;200.0f
	19;23
	1;0
	29;0
@4
	13;2;0
	7;0
	28;160.0f;220.0f
	17;そっかそっか
	17;何故気付けなかったんだ
@8
	11;-1
@12
	13;5;0
	7;0
	28;160.0f;220.0f
	17;最初から近くにいたじゃないか
@16
	11;-1
@20
	13;2;0
	7;0
	28;160.0f;220.0f
	17;ねぇ、貴方の仕業ですよねぇ
	17;残無さま！
@24
	11;-1
	4;0
	10;0
	55
	18
	18
@124
	10;0
	28;160.0f;180.0f
	17;遅い遅い
@144
	10;1
@148
	11;-1
	1;0
	2;0
	12
	13;0;0
@152
	14;5;0
	8;0
	28;450.0f;200.0f
	20;0
	17;いつまで待たせるんじゃ
	17;勁牙組組長　驪駒早鬼どの
@156
	11;-1
@160
	13;0;0
	7;0
	28;160.0f;220.0f
	17;慧ノ子に仕掛けてあったのは
	17;移送の罠だと聞いた
@164
	11;-1
@168
	13;5;0
	7;0
	28;160.0f;220.0f
	17;自ら飛び込んでみたよ
	17;|184,16,ここ
	17;そしたら辿り着いたのは地獄だ
@172
	11;-1
@176
	13;6;0
	7;0
	28;160.0f;220.0f
	17;そもそも慧ノ子を私に引き合わせたのも
	17;貴方なんだろ？
@180
	11;-1
@184
	13;4;0
	7;0
	28;160.0f;220.0f
	17;いや、こんな回りくどい真似をするのは
	17;貴方くらいしかない
@188
	11;-1
@192
	13;3;0
	7;0
	28;160.0f;220.0f
	17;つまり私の勁牙組をコントロールして
	17;乗っ取ろうと言うんだな？
@196
	11;-1
@200
	13;3;0
	7;0
	28;160.0f;220.0f
	17;そうはいかんぞ！
@204
	11;-1
@208
	14;2;0
	8;0
	28;450.0f;200.0f
	29;0
	19;19
	17;ふっ
@212
	11;-1
@216
	14;5;0
	8;0
	28;450.0f;200.0f
	17;気が付くの、遅すぎなんだよ
	17;畜生界の畜生どもめが
@220
	11;-1
@224
	14;5;0
	8;0
	28;450.0f;200.0f
	17;でもな
@228
	11;-1
@232
	14;5;0
	8;0
	28;450.0f;200.0f
	17;勁牙組を乗っ取ろうとしている？
	17;馬鹿言うな
@236
	11;-1
@240
	14;1;0
	8;0
	28;450.0f;200.0f
	29;1
	17;最初から全て儂の掌の上だ！
	17;判ったか畜生めが！
@244
	11;-1
	54
	4;0
	5;0
	6
	10;0
@274
	52
	0
@0
	0
entry 19 (255, 18, 0, 1)
@0
	10;0
@120
	10;0
@180
	21
@300
	22
	0
@0
	0
entry 20 (255, 18, 0, 2)
@0
	10;0
	1;0
	2;0
	44;160.0f;220.0f
	45;450.0f;200.0f
	46;5;0
	47;18;0
@4
	46;4;0
	42;0
@34
	10;1
	29;0
	17;そこでお前が負けちゃあお終いだよ
@38
	11;-1
@42
	46;3;0
	42;0
	17;お前が勝つまでやるぞ
@46
	11;-1
	4;0
	5;0
	6
	10;0
@76
	0
@0
	0
