header(0, 0, 0, 0, 0, 0, 0, 0, 0, 0, 0, 0, 0, 0, 0, 0, 0, 0, 0, 0)
entry 0 (16, 19, 0, 0)
@0
	10;0
	1;0
	2;0
	44;170.0f;300.0f
	45;470.0f;300.0f
	46;1;0
	47;18;0
@4
	46;1;0
	42;0
@34
	10;1
	29;0
	17;勝った！
@38
	11;-1
	4;0
	5;0
	6
	10;0
@68
	0
@0
	0
entry 1 (100, 0, 0, 0)
@0
	10;0
	1;0
	2;0
	44;170.0f;300.0f
	45;470.0f;300.0f
	46;6;0
	47;18;0
@4
	46;5;0
	42;0
@34
	10;1
	29;0
	17;当然だ、負ける要素など無い！
@38
	11;-1
	4;0
	5;0
	6
	10;0
@68
	0
@0
	0
entry 2 (30, 0, 0, 0)
@0
	10;0
	1;0
	2;0
	44;170.0f;300.0f
	45;470.0f;300.0f
	46;6;0
	47;18;0
@4
	46;6;0
	42;0
@34
	10;1
	29;0
	17;なあ、隠岐奈って奴は信用できるのか？
@38
	11;-1
	4;0
	5;0
	6
	10;0
@68
	0
@0
	0
entry 3 (50, 1, 0, 0)
@0
	10;0
	1;0
	2;0
	44;170.0f;300.0f
	45;470.0f;300.0f
	46;0;0
	47;18;0
@4
	46;5;0
	42;0
@34
	10;1
	29;0
	17;お前が喰われたくなければ
	17;キノコでももってこいや
@38
	11;-1
	4;0
	5;0
	6
	10;0
@68
	0
@0
	0
entry 4 (100, 2, 0, 0)
@0
	10;0
	1;0
	2;0
	44;170.0f;300.0f
	45;470.0f;300.0f
	46;0;0
	47;18;0
@4
	46;6;0
	42;0
@34
	10;1
	29;0
	17;霊夢の友達にしては、何とも頼りないな
@38
	11;-1
	4;0
	5;0
	6
	10;0
@68
	0
@0
	0
entry 5 (30, 2, 0, 0)
@0
	10;0
	1;0
	2;0
	44;170.0f;300.0f
	45;470.0f;300.0f
	46;0;0
	47;18;0
@4
	46;5;0
	42;0
@34
	10;1
	29;0
	17;旧灼熱地獄に蓋したのって
	17;お前んとこだって聞いたぞ！
@38
	11;-1
@42
	46;5;0
	42;0
	17;お陰でやりやすくなったよ
	17;ふふふ……
@46
	11;-1
	4;0
	5;0
	6
	10;0
@76
	0
@0
	0
entry 6 (100, 3, 0, 0)
@0
	10;0
	1;0
	2;0
	44;170.0f;300.0f
	45;470.0f;300.0f
	46;0;0
	47;18;0
@4
	46;5;0
	42;0
@34
	10;1
	29;0
	17;おー、藍
	17;最近何やってんだ？　話を聞かせろよ
@38
	11;-1
	4;0
	5;0
	6
	10;0
@68
	0
@0
	0
entry 7 (100, 4, 0, 0)
@0
	10;0
	1;0
	2;0
	44;170.0f;300.0f
	45;470.0f;300.0f
	46;0;0
	47;18;0
@4
	46;4;0
	42;0
@34
	10;1
	29;0
	17;お前からは常に半人前の
	17;オーラが漂ってる
@38
	11;-1
	4;0
	5;0
	6
	10;0
@68
	0
@0
	0
entry 8 (100, 5, 0, 0)
@0
	10;0
	1;0
	2;0
	44;170.0f;300.0f
	45;470.0f;300.0f
	46;0;0
	47;18;0
@4
	46;5;0
	42;0
@34
	10;1
	29;0
	17;小さいなぁ、何の腹の足しにもならん
@38
	11;-1
	4;0
	5;0
	6
	10;0
@68
	0
@0
	0
entry 9 (100, 6, 0, 0)
@0
	10;0
	1;0
	2;0
	44;170.0f;300.0f
	45;470.0f;300.0f
	46;0;0
	47;18;0
@4
	46;5;0
	42;0
@34
	10;1
	29;0
	17;お前が思うほど、地上は綺麗じゃ無いぜ
	17;八割は怨みと死で出来ている
@38
	11;-1
	4;0
	5;0
	6
	10;0
@68
	0
@0
	0
entry 10 (100, 7, 0, 0)
@0
	10;0
	1;0
	2;0
	44;170.0f;300.0f
	45;470.0f;300.0f
	46;0;0
	47;18;0
@4
	46;1;0
	42;0
@34
	10;1
	29;0
	17;ちゃんと仕事してるか？
	17;まだ、あちこちに死が落ちているぞ
@38
	11;-1
	4;0
	5;0
	6
	10;0
@68
	0
@0
	0
entry 11 (100, 8, 0, 0)
@0
	10;0
	1;0
	2;0
	44;170.0f;300.0f
	45;470.0f;300.0f
	46;0;0
	47;16;0
@4
	46;6;0
	42;0
@34
	10;1
	29;0
	17;お前、私から逃げようとしていないか？
	17;そんなに怖がらなくても大丈夫だよ
@38
	11;-1
	4;0
	5;0
	6
	10;0
@68
	0
@0
	0
entry 12 (100, 9, 0, 0)
@0
	10;0
	1;0
	2;0
	44;170.0f;300.0f
	45;470.0f;300.0f
	46;0;0
	47;15;0
@4
	46;2;0
	42;0
@34
	10;1
	29;0
	17;お、ご馳走と酒で持て成してくれるってのか
	17;さすが、古い妖怪は判っている
@38
	11;-1
	4;0
	5;0
	6
	10;0
@68
	0
@0
	0
entry 13 (100, 10, 0, 0)
@0
	10;0
	1;0
	2;0
	44;170.0f;300.0f
	45;470.0f;300.0f
	46;0;0
	47;18;0
@4
	46;6;0
	42;0
@34
	10;1
	29;0
	17;おいおい、八千慧らしくないな
	17;搦手から、私に強烈な一撃喰らわせろよ
@38
	11;-1
	4;0
	5;0
	6
	10;0
@68
	0
@0
	0
entry 14 (100, 11, 0, 0)
@0
	10;0
	1;0
	2;0
	44;170.0f;300.0f
	45;470.0f;300.0f
	46;0;0
	47;18;0
@4
	46;3;0
	42;0
@34
	10;1
	29;0
	17;なんだよ早鬼、劣化してんじゃねーよ
	17;そんなんじゃ満腹にはほど遠いぞ
@38
	11;-1
	4;0
	5;0
	6
	10;0
@68
	0
@0
	0
entry 15 (100, 12, 0, 0)
@0
	10;0
	1;0
	2;0
	44;170.0f;300.0f
	45;470.0f;300.0f
	46;0;0
	47;12;0
@4
	46;4;0
	42;0
@34
	10;1
	29;0
	17;なんだ？
	17;変なもん喰っちゃったか、ははは
@38
	11;-1
	4;0
	5;0
	6
	10;0
@68
	0
@0
	0
entry 16 (100, 13, 0, 0)
@0
	10;0
	1;0
	2;0
	44;170.0f;300.0f
	45;470.0f;300.0f
	46;0;0
	47;18;0
@4
	46;0;0
	42;0
@34
	10;1
	29;0
	17;無限に酒が出る瓢箪持ってるんだろ
	17;ちょっとよこせよ
@38
	11;-1
	4;0
	5;0
	6
	10;0
@68
	0
@0
	0
entry 17 (30, 13, 0, 0)
@0
	10;0
	1;0
	2;0
	44;170.0f;300.0f
	45;470.0f;300.0f
	46;0;0
	47;18;0
@4
	46;0;0
	42;0
@34
	10;1
	29;0
	17;無限に酒が出る瓢箪と
	17;無限に呑める自分
@38
	11;-1
@42
	46;5;0
	42;0
	17;宇宙の法則に挑戦してみようぜ！
@46
	11;-1
	4;0
	5;0
	6
	10;0
@76
	0
@0
	0
entry 18 (100, 14, 0, 0)
@0
	10;0
	1;0
	2;0
	44;170.0f;300.0f
	45;470.0f;300.0f
	46;0;0
	47;18;0
@4
	46;4;0
	42;0
@34
	10;1
	29;0
	17;お前のスカートの裾に着いているアクセサリー
	17;なんか美味しそうだな
@38
	11;-1
	4;0
	5;0
	6
	10;0
@68
	0
@0
	0
entry 19 (100, 15, 0, 0)
@0
	10;0
	1;0
	2;0
	44;170.0f;300.0f
	45;470.0f;300.0f
	46;0;0
	47;18;0
@4
	46;0;0
	42;0
@34
	10;1
	29;0
	17;お前もとんだ悪食だったらしいな
	17;彼奴に聞いたぜ
@38
	11;-1
	4;0
	5;0
	6
	10;0
@68
	0
@0
	0
entry 20 (100, 16, 0, 0)
@0
	10;0
	1;0
	2;0
	44;170.0f;300.0f
	45;470.0f;300.0f
	46;0;0
	47;18;0
@4
	46;5;0
	42;0
@34
	10;1
	29;0
	17;旧血の池地獄に篭もってばかりいないで
	17;もっと外に出ろよ
@38
	11;-1
	4;0
	5;0
	6
	10;0
@68
	0
@0
	0
entry 21 (100, 17, 0, 0)
@0
	10;0
	1;0
	2;0
	44;170.0f;300.0f
	45;470.0f;300.0f
	46;0;0
	47;18;0
@4
	46;4;0
	42;0
@34
	10;1
	29;0
	17;お前の怨みを買いたくは無い
	17;付きまとわれても困るしな
@38
	11;-1
	4;0
	5;0
	6
	10;0
@68
	0
@0
	0
entry 22 (100, 18, 0, 0)
@0
	10;0
	1;0
	2;0
	44;170.0f;300.0f
	45;470.0f;300.0f
	46;0;0
	47;18;0
@4
	46;5;0
	42;0
@34
	10;1
	29;0
	17;おーい、なんか腹減ったな
	17;何か食いもん出してくれなんのか？
@38
	11;-1
	4;0
	5;0
	6
	10;0
@68
	0
@0
	0
