header(0, 939589632, 1073758208, 268436480, 671121408, 469764096, 872677376, 0, 0, 0, 0, 0, 0, 0, 0, 0, 0, 0, 0, 0)
entry 0 (16, 19, 0, 0)
@0
	10;0
	1;0
	2;0
	44;170.0f;300.0f
	45;460.0f;220.0f
	46;1;0
	47;18;0
@4
	46;1;0
	42;0
@34
	10;1
	29;0
	17;やるぞー
@38
	11;-1
@42
	47;1;0
	43;0
	17;やるぞー
@46
	11;-1
	4;0
	5;0
	6
	10;0
@76
	52
	0
@0
	0
entry 1 (16, 19, 0, 1)
@0
	10;0
	1;0
	2;0
	44;170.0f;300.0f
	45;460.0f;220.0f
	46;1;0
	47;18;0
@4
	46;1;0
	42;0
@34
	10;1
	29;0
	17;|136,16,おこ
	17;私に勝とうなんて烏滸がましいわ！
@38
	11;-1
	4;0
	5;0
	6
	10;0
@68
	0
@0
	0
entry 2 (16, 19, 0, 2)
@0
	10;0
	1;0
	2;0
	44;170.0f;300.0f
	45;460.0f;220.0f
	46;5;0
	47;18;0
@4
	47;18;0
	43;0
@34
	10;1
	29;0
	17;くやしー
@38
	11;-1
	4;0
	5;0
	6
	10;0
@68
	0
@0
	0
entry 3 (255, 16, 0, 0)
@0
	10;0
	44;170.0f;300.0f
	45;460.0f;220.0f
	19;17
	1;0
	29;0
@4
	13;5;0
	7;0
	28;170.0f;300.0f
	17;おーい、ちやりー
@8
	11;-1
	4;0
	10;0
	55
	18
	18
@108
	10;0
	28;160.0f;180.0f
	17;はーい
@128
	10;1
@132
	11;-1
	1;0
	2;0
	12
	13;6;0
@136
	14;0;0
	8;0
	28;460.0f;220.0f
	20;0
	17;なんすか、こんな時間に
@140
	11;-1
@144
	13;6;0
	7;0
	28;170.0f;300.0f
	17;こんな時間て、今何時だと思ってる
@148
	11;-1
@152
	14;6;0
	8;0
	28;460.0f;220.0f
	17;何時なんすか？
@156
	11;-1
@160
	13;5;0
	7;0
	28;170.0f;300.0f
	17;そんなもんここで判るもんか
@164
	11;-1
@168
	14;2;0
	8;0
	28;460.0f;220.0f
	17;ですよねー
@172
	11;-1
@176
	13;1;0
	7;0
	28;170.0f;300.0f
	17;ただ、もう本番だ
	17;気合いを入れろ！
@180
	11;-1
	54
	4;0
	5;0
	6
	10;0
@210
	52
	0
@0
	0
entry 4 (255, 16, 0, 1)
@0
	10;0
	1;0
	2;0
	44;170.0f;300.0f
	45;460.0f;220.0f
	46;5;0
	47;18;0
@4
	47;14;0
	43;0
@34
	10;1
	29;0
	17;なんすか、決戦っすか
@38
	11;-1
@42
	46;0;0
	42;0
	17;ま、そんな感じだ
	17;お前んとこにも敵が来るかもしれん
@46
	11;-1
@50
	46;5;0
	42;0
	17;準備しておけ
@54
	11;-1
	4;0
	5;0
	6
	10;0
@84
	0
@0
	0
entry 5 (255, 16, 0, 2)
@0
	10;0
	1;0
	2;0
	44;170.0f;300.0f
	45;460.0f;220.0f
	46;5;0
	47;18;0
@4
	46;2;0
	42;0
@34
	10;1
	29;0
	17;ふぁーあ、寝よっと
@38
	11;-1
	4;0
	5;0
	6
	10;0
@68
	0
@0
	0
entry 6 (255, 14, 0, 0)
@0
	10;0
	44;170.0f;300.0f
	45;460.0f;220.0f
	19;15
	1;0
	29;0
@4
	13;6;0
	7;0
	28;170.0f;300.0f
	17;八千慧の元には猿だったか
@8
	11;-1
@12
	13;0;0
	7;0
	28;170.0f;300.0f
	17;どういう経緯で仲間になったのか
	17;知りたいところだが……
@16
	11;-1
	4;0
	10;0
	55
	18
	18
@116
	10;0
	28;160.0f;180.0f
	17;誰だ？
@136
	10;1
@140
	11;-1
	1;0
	2;0
	12
	13;0;0
@144
	14;7;0
	8;0
	28;460.0f;220.0f
	20;0
	17;もしかして貴方は
	17;剛欲同盟長　饕餮尤魔！？
@148
	11;-1
@152
	14;0;0
	8;0
	28;460.0f;220.0f
	17;貴方が来たということは
	17;いよいよ始まるんだね
@156
	11;-1
@160
	13;4;0
	7;0
	28;170.0f;300.0f
	14;7;0
	17;ふっふっふ、血気盛んだな
	17;|72,16,・・・・・
	17;さすが、目覚めたての妖怪は違うな
@164
	11;-1
@168
	13;1;0
	7;0
	28;170.0f;300.0f
	17;決戦の開幕だ！
	17;手始めにお前が派手に散れい！
@172
	11;-1
	54
	4;0
	5;0
	6
	10;0
@202
	52
	0
@0
	0
entry 7 (255, 14, 0, 1)
@0
	10;0
	1;0
	2;0
	44;170.0f;300.0f
	45;460.0f;220.0f
	46;5;0
	47;18;0
@4
	46;0;0
	42;0
@34
	10;1
	29;0
	17;なあ、美天と言ったか
	17;どうして八千慧に付いているんだ？
@38
	11;-1
@42
	47;16;0
	43;0
	17;八千慧様は私が地獄に堕ちるところに
	17;救いの手を差し伸べてくれた
@46
	11;-1
@50
	47;10;0
	43;0
	17;つまり命の恩人なのです
@54
	11;-1
@58
	46;6;0
	42;0
	17;あの畜生界一のサイコパスヤローが
	17;命の恩人、ねぇ
@62
	11;-1
	4;0
	5;0
	6
	10;0
@92
	0
@0
	0
entry 8 (255, 14, 0, 2)
@0
	10;0
	1;0
	2;0
	44;170.0f;300.0f
	45;460.0f;220.0f
	46;5;0
	47;18;0
@4
	46;6;0
	42;0
@34
	10;1
	29;0
	17;えー……
	17;めっちゃ強そうだったのに……
@38
	11;-1
	4;0
	5;0
	6
	10;0
@68
	0
@0
	0
entry 9 (255, 10, 0, 0)
@0
	10;0
	44;170.0f;300.0f
	45;500.0f;220.0f
	19;11
	1;0
	29;0
@4
	13;0;0
	7;0
	28;170.0f;300.0f
	17;おーい、八千慧ー
	17;いるかー
@8
	11;-1
	4;0
	10;0
	55
	18
	18
@108
	10;0
	28;160.0f;180.0f
	17;誰？
@128
	10;1
@132
	11;-1
	1;0
	2;0
	12
	13;6;0
@136
	14;7;0
	8;0
	28;500.0f;220.0f
	20;0
	17;え？　尤魔じゃない
	17;どうした？　こんな表舞台に
@140
	11;-1
@144
	13;6;0
	7;0
	28;170.0f;300.0f
	17;表舞台って、ここは賽の河原だぜ
	17;何処が表なんだよ
@148
	11;-1
@152
	14;6;0
	8;0
	28;500.0f;220.0f
	17;え？　旧血の池地獄と
	17;どっちの方が……
@156
	11;-1
@160
	13;4;0
	7;0
	28;170.0f;300.0f
	17;あ、すまん
	17;賽の河原はド表舞台だった
@164
	11;-1
@168
	13;0;0
	7;0
	28;170.0f;300.0f
	17;ともかく、決戦の火蓋は落とされた
@172
	11;-1
@176
	13;0;0
	7;0
	28;170.0f;300.0f
	17;いや私が落としたぜ
@180
	11;-1
@184
	14;0;0
	8;0
	28;500.0f;220.0f
	17;ふっふっふ、いよいよ、か
@188
	11;-1
@192
	14;1;0
	8;0
	28;500.0f;220.0f
	17;全力の出し方は忘れてないよな！
	17;その上で全力を越えてこい！
@196
	11;-1
	54
	4;0
	5;0
	6
	10;0
@226
	52
	0
@0
	0
entry 10 (255, 10, 0, 1)
@0
	10;0
	1;0
	2;0
	44;170.0f;300.0f
	45;500.0f;220.0f
	46;5;0
	47;18;0
@4
	46;2;0
	42;0
@34
	10;1
	29;0
	17;まあまあだな
	17;鬼傑組らしいや
@38
	11;-1
@42
	47;13;0
	43;0
	17;キー！
	17;正々堂々じゃなければ有利に戦えるのに！
@46
	11;-1
@50
	46;0;0
	42;0
	17;ふっ、そうだな
	17;正々堂々を美徳とする奴は能力が低い
@54
	11;-1
@58
	46;2;0
	42;0
	17;お前の良さを活かせなくて
	17;残念に思うよ
@62
	11;-1
	4;0
	5;0
	6
	10;0
@92
	0
@0
	0
entry 11 (255, 10, 0, 2)
@0
	10;0
	1;0
	2;0
	44;170.0f;300.0f
	45;500.0f;220.0f
	46;5;0
	47;18;0
@4
	46;6;0
	42;0
@34
	10;1
	29;0
	17;うわー、がっかりだ
@38
	11;-1
	4;0
	5;0
	6
	10;0
@68
	0
@0
	0
entry 12 (255, 15, 0, 0)
@0
	10;0
	44;170.0f;300.0f
	45;480.0f;240.0f
	19;16
	1;0
	29;0
@4
	13;0;0
	7;0
	28;170.0f;300.0f
	17;八千慧の元には年老いた山犬か
@8
	11;-1
@12
	13;6;0
	7;0
	28;170.0f;300.0f
	17;人材的な違和感は少ない……が
@16
	11;-1
	4;0
	10;0
	55
	18
	18
@116
	10;0
	28;160.0f;180.0f
	17;あ、その特徴的な姿はもしかして
@136
	10;1
@140
	11;-1
	1;0
	2;0
	12
	13;5;0
@144
	14;7;0
	8;0
	28;480.0f;240.0f
	20;0
	17;剛欲同盟長　饕餮尤魔！？
@148
	11;-1
@152
	14;0;0
	8;0
	28;480.0f;240.0f
	17;と言うことは敵って事で
	17;良いんだよね
@156
	11;-1
@160
	14;2;0
	8;0
	28;480.0f;240.0f
	17;敵は無条件で倒せ、と言われている
@164
	11;-1
@168
	13;0;0
	7;0
	28;170.0f;300.0f
	17;さすが、勁牙組だ
	17;良い教育されてるな
@172
	11;-1
@176
	14;1;0
	8;0
	28;480.0f;240.0f
	29;1
	17;この世は弱肉強食だ！
	17;弱かったら死ね！
@180
	11;-1
	54
	4;0
	5;0
	6
	10;0
@210
	52
	0
@0
	0
entry 13 (255, 15, 0, 1)
@0
	10;0
	1;0
	2;0
	44;170.0f;300.0f
	45;480.0f;240.0f
	46;5;0
	47;18;0
@4
	47;17;0
	43;0
@34
	10;1
	29;0
	17;つ、強い
@38
	11;-1
@42
	46;0;0
	42;0
	17;ところでさ、なんで早鬼に
	17;従うようになったんだ？
@46
	11;-1
@50
	47;10;0
	43;0
	17;あー、早鬼様は力を持った私が
	17;地獄に堕ちる前に救ってくださったのです
@54
	11;-1
@58
	47;11;0
	43;0
	17;つまり、命の恩人って感じですかね
@62
	11;-1
@66
	46;0;0
	42;0
	17;地獄……命の恩人……
	17;さっき似たような話を聞いたな
@70
	11;-1
@74
	46;4;0
	42;0
	17;何だこの既視感
@78
	11;-1
	4;0
	5;0
	6
	10;0
@108
	0
@0
	0
entry 14 (255, 15, 0, 2)
@0
	10;0
	1;0
	2;0
	44;170.0f;300.0f
	45;480.0f;240.0f
	46;5;0
	47;18;0
@4
	46;0;0
	42;0
@34
	10;1
	29;0
	17;剛欲同盟、弱っわ！
@38
	11;-1
	4;0
	5;0
	6
	10;0
@68
	0
@0
	0
entry 15 (255, 11, 0, 0)
@0
	10;0
	44;170.0f;300.0f
	45;480.0f;240.0f
	19;12
	1;0
	29;0
@4
	13;6;0
	7;0
	28;170.0f;300.0f
	17;早鬼はどう思っているんだ？
@8
	11;-1
@12
	13;6;0
	7;0
	28;170.0f;300.0f
	17;人のこと言えないが
	17;怪しげな妖怪を仲間にしてさ
@16
	11;-1
	4;0
	10;0
	55
	18
	18
@116
	10;0
	28;160.0f;180.0f
	17;どう思うって
@136
	10;1
@140
	11;-1
	1;0
	2;0
	12
	13;7;0
@144
	14;2;0
	8;0
	28;480.0f;240.0f
	20;0
	17;何の疑問も感じてないぞ
@148
	11;-1
@152
	14;5;0
	8;0
	28;480.0f;240.0f
	17;それより尤魔がここに居ることに
	17;大きな疑問を感じている
@156
	11;-1
@160
	14;5;0
	8;0
	28;480.0f;240.0f
	17;わざわざ私の元にまで来たという事は
	17;戦いたいという事だな？
@164
	11;-1
@168
	13;1;0
	7;0
	28;170.0f;300.0f
	17;ああ、決戦はもう終盤だ！
	17;お前を倒せば、ひとまずは終わり
@172
	11;-1
@176
	14;5;0
	8;0
	28;480.0f;240.0f
	17;良いだろう、畜生一の
	17;パワーとスピードを見せてやろう！
@180
	11;-1
	54
	4;0
	5;0
	6
	10;0
@210
	52
	0
@0
	0
entry 16 (255, 11, 0, 1)
@0
	10;0
	1;0
	2;0
	44;170.0f;300.0f
	45;480.0f;240.0f
	46;6;0
	47;18;0
@4
	47;18;0
	43;0
@34
	10;1
	29;0
	17;やっぱタフだなー、尤魔は
@38
	11;-1
@42
	46;6;0
	42;0
	17;……
@46
	11;-1
@50
	47;18;0
	43;0
	17;どうした？
	17;なんか悩みでもあるのか？
@54
	11;-1
@58
	46;1;0
	42;0
	17;ああ、もう覚悟を決めたよ
@62
	11;-1
@66
	46;3;0
	42;0
	17;あいつの所に行くとするか
@70
	11;-1
	4;0
	5;0
	6
	10;0
@100
	0
@0
	0
entry 17 (255, 11, 0, 2)
@0
	10;0
	1;0
	2;0
	44;170.0f;300.0f
	45;480.0f;240.0f
	46;5;0
	47;18;0
@4
	46;3;0
	42;0
@34
	10;1
	29;0
	17;鈍ってるぞ！
	17;もっと鍛えよ！
@38
	11;-1
	4;0
	5;0
	6
	10;0
@68
	0
@0
	0
entry 18 (255, 18, 0, 0)
@0
	10;0
	44;170.0f;300.0f
	45;450.0f;200.0f
	19;23
	1;0
	29;0
@4
	13;6;0
	7;0
	28;170.0f;300.0f
	17;あいつ等と戦って確信したよ
@8
	11;-1
@12
	13;6;0
	7;0
	28;170.0f;300.0f
	17;ずっと感じてた違和感は
	17;二人の仕業では無いってことを
@16
	11;-1
@20
	13;0;0
	7;0
	28;170.0f;300.0f
	17;だとすると、裏で動いているのは
	17;美天と慧ノ子達だ
@24
	11;-1
@28
	13;6;0
	7;0
	28;170.0f;300.0f
	17;きっと、ちやりもそうなんだろう
@32
	11;-1
@36
	13;3;0
	7;0
	28;170.0f;300.0f
	17;こいつらの共通点は、地獄！
	17;|164,9,にっぱくざんむ
	17;お前の差し金だな！　日白残無！
@40
	11;-1
	4;0
	10;0
	55
	18
	18
@140
	10;0
	28;160.0f;180.0f
	17;気付くのおせーわ
@160
	10;1
@164
	11;-1
	1;0
	2;0
	12
	13;7;0
@168
	14;5;0
	8;0
	28;450.0f;200.0f
	20;0
	17;畜生界の実力者と言っても
	17;その程度なのか？
@172
	11;-1
@176
	13;0;0
	7;0
	28;170.0f;300.0f
	17;ちやりに移送の罠が仕掛けてあったのを
	17;見つけた時から怪しいと思ってた
@180
	11;-1
@184
	13;5;0
	7;0
	28;170.0f;300.0f
	17;何か裏で操っている者がいるとな
@188
	11;-1
@192
	13;6;0
	7;0
	28;170.0f;300.0f
	17;最初は八千慧か、もしくは隠岐奈か
	17;誰かかと思ったんだがな
@196
	11;-1
@200
	13;7;0
	7;0
	28;170.0f;300.0f
	17;まさか、残無、お前とはな
@204
	11;-1
@208
	13;7;0
	7;0
	28;170.0f;300.0f
	17;目的は何だ？
	17;地上の征服か？
@212
	11;-1
@216
	14;2;0
	8;0
	28;450.0f;200.0f
	29;0
	19;19
	17;ふふっ
@220
	11;-1
@224
	14;6;0
	8;0
	28;450.0f;200.0f
	17;今更、地上なんざ欲しくも無いわ
	17;飢えた畜生どもでもあるまいし
@228
	11;-1
@232
	14;5;0
	8;0
	28;450.0f;200.0f
	17;儂が欲しいのは未来だ
	17;全てを操って未来を作る
@236
	11;-1
@240
	14;1;0
	8;0
	28;450.0f;200.0f
	29;1
	17;お前らは儂の掌で生きるしか無いんだよ！
	17;判ったか畜生めが！
@244
	11;-1
	54
	4;0
	5;0
	6
	10;0
@274
	52
	0
@0
	0
entry 19 (255, 18, 0, 1)
@0
	10;0
@120
	10;0
@180
	21
@300
	22
	0
@0
	0
entry 20 (255, 18, 0, 2)
@0
	10;0
	1;0
	2;0
	44;170.0f;300.0f
	45;450.0f;200.0f
	46;5;0
	47;18;0
@4
	46;0;0
	42;0
@34
	10;1
	29;0
	17;そんなに弱いんじゃあ
	17;何も変えられんよ
@38
	11;-1
	4;0
	5;0
	6
	10;0
@68
	0
@0
	0
