header(0, 1006633472, 134217730, 335544324, 268435457, 469893120, 872677376, 0, 0, 0, 0, 0, 0, 0, 0, 0, 0, 0, 0, 0)
entry 0 (16, 19, 0, 0)
@0
	10;0
	1;0
	2;0
	44;160.0f;220.0f
	45;460.0f;220.0f
	46;1;0
	47;18;0
@4
	46;1;0
	42;0
@34
	10;1
	29;0
	17;やるぞー
@38
	11;-1
@42
	47;1;0
	43;0
	17;やるぞー
@46
	11;-1
	4;0
	5;0
	6
	10;0
@76
	52
	0
@0
	0
entry 1 (16, 19, 0, 1)
@0
	10;0
	1;0
	2;0
	44;160.0f;220.0f
	45;460.0f;220.0f
	46;1;0
	47;18;0
@4
	46;1;0
	42;0
@34
	10;1
	29;0
	17;|136,16,おこ
	17;私に勝とうなんて烏滸がましいわ！
@38
	11;-1
	4;0
	5;0
	6
	10;0
@68
	0
@0
	0
entry 2 (16, 19, 0, 2)
@0
	10;0
	1;0
	2;0
	44;160.0f;220.0f
	45;460.0f;220.0f
	46;5;0
	47;18;0
@4
	47;18;0
	43;0
@34
	10;1
	29;0
	17;くやしー
@38
	11;-1
	4;0
	5;0
	6
	10;0
@68
	0
@0
	0
entry 3 (255, 9, 0, 0)
@0
	10;0
	44;160.0f;220.0f
	45;460.0f;220.0f
	19;22
	1;0
	29;0
@4
	13;5;0
	7;0
	28;160.0f;220.0f
	17;この辺は、大地が見えやすいな
@8
	11;-1
	4;0
	10;0
	55
	18
	18
@108
	10;0
	28;160.0f;180.0f
	17;おや、萃香
@128
	10;1
@132
	11;-1
	1;0
	2;0
	12
	13;7;0
@136
	14;0;0
	8;0
	28;460.0f;220.0f
	20;0
	17;なんか用か？
@140
	11;-1
@144
	13;6;0
	7;0
	28;160.0f;220.0f
	17;この辺の地面を見てただけだ
@148
	11;-1
@152
	13;6;0
	7;0
	28;160.0f;220.0f
	17;なんでお前に用事が無きゃいかんのだ
@156
	11;-1
@160
	14;0;0
	8;0
	28;460.0f;220.0f
	19;10
	17;この辺は儂が仕切っておるからのう
	17;儂に挨拶無しで勝手なことはさせんぞ
@164
	11;-1
	54
	4;0
	5;0
	6
	10;0
@194
	52
	0
@0
	0
entry 4 (255, 9, 0, 1)
@0
	10;0
	1;0
	2;0
	44;160.0f;220.0f
	45;460.0f;220.0f
	46;5;0
	47;18;0
@4
	46;5;0
	42;0
@34
	10;1
	29;0
	17;大地を見てただけだ
@38
	11;-1
@42
	47;10;0
	43;0
	17;あの話じゃな？
@46
	11;-1
@50
	47;10;0
	43;0
	17;この辺の殆どは既に無名の幽霊に
	17;置き換わったぞい
@54
	11;-1
@58
	46;4;0
	42;0
	17;何だ判っているんじゃないか
@62
	11;-1
	4;0
	5;0
	6
	10;0
@92
	0
@0
	0
entry 5 (255, 9, 0, 2)
@0
	10;0
	1;0
	2;0
	44;160.0f;220.0f
	45;460.0f;220.0f
	46;5;0
	47;18;0
@4
	46;1;0
	42;0
@34
	10;1
	29;0
	17;ここら辺は狸たちに任せとけ
@38
	11;-1
	4;0
	5;0
	6
	10;0
@68
	0
@0
	0
entry 6 (255, 1, 0, 0)
@0
	10;0
	44;160.0f;220.0f
	45;460.0f;220.0f
	19;22
	1;0
	29;0
@4
	13;0;0
	7;0
	28;160.0f;220.0f
	17;所有権を失った大地は
@8
	11;-1
@12
	13;0;0
	7;0
	28;160.0f;220.0f
	17;無名の幽霊達が取憑いて元通りになっていく
@16
	11;-1
@20
	13;6;0
	7;0
	28;160.0f;220.0f
	17;残無が大掛かりな時間稼ぎをしている間にな
@24
	11;-1
@28
	13;0;0
	7;0
	28;160.0f;220.0f
	17;結局、時間が解決する自然現象だった訳だ
@32
	11;-1
@36
	13;5;0
	7;0
	28;160.0f;220.0f
	17;とすると今回の異変
	17;人間達は何をしてたんだ？
@40
	11;-1
	4;0
	10;0
	55
	18
	18
@140
	10;0
	28;160.0f;180.0f
	17;おや？
@160
	10;1
@164
	11;-1
	1;0
	2;0
	12
	13;0;0
@168
	14;5;0
	8;0
	28;460.0f;220.0f
	20;0
	17;萃香じゃん
	17;何してるんだ？
@172
	11;-1
@176
	13;4;0
	7;0
	28;160.0f;220.0f
	17;それは私が聞きたい
@180
	11;-1
@184
	13;1;0
	7;0
	28;160.0f;220.0f
	19;2
	17;お前は何をしていた？
	17;見せてみろ！
@188
	11;-1
@192
	14;7;0
	8;0
	28;460.0f;220.0f
	17;見せてみろって何を……
	17;うわなにをするー
@196
	11;-1
	54
	4;0
	5;0
	6
	10;0
@226
	52
	0
@0
	0
entry 7 (255, 1, 0, 1)
@0
	10;0
	1;0
	2;0
	44;160.0f;220.0f
	45;460.0f;220.0f
	46;5;0
	47;18;0
@4
	46;0;0
	42;0
@34
	10;1
	29;0
	17;ほう、ヤマイヌが持っていた宝玉の調査？
@38
	11;-1
@42
	47;12;0
	43;0
	17;そうだ、アレはヤバイぜ
	17;地獄の鬼と繋がりがある
@46
	11;-1
@50
	47;17;0
	43;0
	17;あ、そうだお前も鬼だったな
@54
	11;-1
@58
	47;15;0
	43;0
	46;7;0
	17;残無って奴知ってるか？
@62
	11;-1
	4;0
	5;0
	6
	10;0
@92
	0
@0
	0
entry 8 (255, 1, 0, 2)
@0
	10;0
	1;0
	2;0
	44;160.0f;220.0f
	45;460.0f;220.0f
	46;5;0
	47;18;0
@4
	46;6;0
	42;0
@34
	10;1
	29;0
	17;びっくりしたー
	17;怒られてるかと思ったぜ
@38
	11;-1
	4;0
	5;0
	6
	10;0
@68
	0
@0
	0
entry 9 (255, 2, 0, 0)
@0
	10;0
	44;160.0f;220.0f
	45;460.0f;220.0f
	19;22
	1;0
	29;0
@4
	13;0;0
	7;0
	28;160.0f;220.0f
	17;魔理沙は見事に掌の上だった
@8
	11;-1
@12
	13;4;0
	7;0
	28;160.0f;220.0f
	17;当然の結果、か
@16
	11;-1
	19;3
	4;0
	10;0
	55
	18
	18
@116
	10;0
	28;160.0f;180.0f
	17;あ、萃香さん？
@136
	10;1
@140
	11;-1
	1;0
	2;0
	12
	13;0;0
@144
	14;5;0
	8;0
	28;460.0f;220.0f
	20;0
	17;珍しいですね、山の神社に来るなんて
@148
	11;-1
@152
	13;4;0
	7;0
	28;160.0f;220.0f
	17;お前はこの異変が起きている間
	17;一体何をしていた？
@156
	11;-1
@160
	13;1;0
	7;0
	28;160.0f;220.0f
	17;見せてみろ！
@164
	11;-1
@168
	14;7;0
	8;0
	28;460.0f;220.0f
	17;見せてみろって何……？
	17;ひえーなにするのー
@172
	11;-1
	54
	4;0
	5;0
	6
	10;0
@202
	52
	0
@0
	0
entry 10 (255, 2, 0, 1)
@0
	10;0
	1;0
	2;0
	44;160.0f;220.0f
	45;460.0f;220.0f
	46;5;0
	47;18;0
@4
	46;7;0
	42;0
@34
	10;1
	29;0
	17;鬼傑組との交渉役？
@38
	11;-1
@42
	47;10;0
	43;0
	17;そう、畜生界の争いをどうやったら
	17;回避できるか、真剣に考えてたのよ
@46
	11;-1
@50
	47;16;0
	43;0
	17;そうこうしてたらいつの間にか
	17;険悪なムードは無くなって
@54
	11;-1
@58
	47;12;0
	43;0
	17;戦争は回避できそうよ
@62
	11;-1
@66
	47;11;0
	43;0
	17;それって、実は裏で守矢神社と
	17;美天ちゃんが動いていたのよ
@70
	11;-1
@74
	46;6;0
	42;0
	17;孫美天……ははあ、なるほど
@78
	11;-1
	4;0
	5;0
	6
	10;0
@108
	0
@0
	0
entry 11 (255, 2, 0, 2)
@0
	10;0
	1;0
	2;0
	44;160.0f;220.0f
	45;460.0f;220.0f
	46;5;0
	47;18;0
@4
	47;18;0
	43;0
@34
	10;1
	29;0
	17;あー怖かった
@38
	11;-1
	4;0
	5;0
	6
	10;0
@68
	0
@0
	0
entry 12 (255, 0, 0, 0)
@0
	10;0
	44;160.0f;220.0f
	45;460.0f;220.0f
	19;23
	1;0
	29;0
@4
	13;4;0
	7;0
	28;160.0f;220.0f
	17;早苗も掌の上だな、ありゃ
@8
	11;-1
@12
	13;0;0
	7;0
	28;160.0f;220.0f
	17;期待できるのは
	17;霊夢だけか
@16
	11;-1
@20
	13;5;0
	7;0
	28;160.0f;220.0f
	17;最初にした私のアドバイスは
	17;役に立ったかな
@24
	11;-1
	19;14
	4;0
	10;0
	55
	18
	18
@124
	10;0
	28;160.0f;180.0f
	17;萃香？
@144
	10;1
@148
	11;-1
	1;0
	2;0
	12
	13;0;0
@152
	14;5;0
	8;0
	28;460.0f;220.0f
	20;0
	17;そういえば、あんたに言われて
	17;地獄に行ったけどさー
@156
	11;-1
@160
	14;0;0
	8;0
	28;460.0f;220.0f
	17;変な鬼がいただけだったわ
@164
	11;-1
@168
	13;4;0
	7;0
	28;160.0f;220.0f
	17;その後お前は何をしていた？
@172
	11;-1
@176
	13;1;0
	7;0
	28;160.0f;220.0f
	17;見せてみろ！
@180
	11;-1
@184
	14;7;0
	8;0
	28;460.0f;220.0f
	17;見せてみろって何……？
	17;うひゃーなにをするー
@188
	11;-1
	54
	4;0
	5;0
	6
	10;0
@218
	52
	0
@0
	0
entry 13 (255, 0, 0, 1)
@0
	10;0
	1;0
	2;0
	44;160.0f;220.0f
	45;460.0f;220.0f
	46;5;0
	47;18;0
@4
	46;7;0
	42;0
@34
	10;1
	29;0
	17;何もしていない？
@38
	11;-1
@42
	46;6;0
	42;0
	17;こんなに大騒ぎの中
	17;お前は何も動いていないだと？
@46
	11;-1
@50
	47;4;0
	43;0
	17;|104,16,・・・・・
	17;だって、もう解決してたもん
@54
	11;-1
@58
	47;6;0
	43;0
	17;市場の神が大地の所有権を
	17;むりやり開放したのだと思い込んでいたけど
@62
	11;-1
@66
	47;0;0
	43;0
	17;市場の神が現れたことで、自然と開放された
	17;が正解だったわ
@70
	11;-1
@74
	47;6;0
	43;0
	46;7;0
	17;つまりは、異変は自然現象……
	17;放って置く以外に解決法は無いと
@78
	11;-1
@82
	46;7;0
	42;0
	29;2
	17;……天然か
	17;|72,16,れいむの
	17;それとも空を飛ぶ能力か
@86
	11;-1
@90
	46;5;0
	42;0
	17;残無の掌の上に乗っていないのは
	17;霊夢だけか
@94
	11;-1
@98
	46;0;0
	42;0
	29;0
	17;これからお前に最後の仕事がある
@102
	11;-1
@106
	47;6;0
	43;0
	17;あー？
@110
	11;-1
@114
	46;3;0
	42;0
	17;まだ異変は解決していないぞ！
@118
	11;-1
	4;0
	5;0
	6
	10;0
@148
	0
@0
	0
entry 14 (255, 0, 0, 2)
@0
	10;0
	1;0
	2;0
	44;160.0f;220.0f
	45;460.0f;220.0f
	46;5;0
	47;18;0
@4
	46;3;0
	42;0
@34
	10;1
	29;0
	17;何なのよーもう！
@38
	11;-1
	4;0
	5;0
	6
	10;0
@68
	0
@0
	0
entry 15 (255, 17, 0, 0)
@0
	10;0
	44;160.0f;220.0f
	45;460.0f;180.0f
	19;23
	1;0
	29;0
@4
	13;6;0
	7;0
	28;160.0f;220.0f
	17;さて、後は最後の準備をするだけか
@8
	11;-1
	4;0
	10;0
	55
	18
	18
@108
	10;0
	28;160.0f;180.0f
	17;ああ、萃香様
@128
	10;1
@132
	11;-1
	1;0
	2;0
	12
	13;7;0
@136
	14;2;0
	8;0
	28;460.0f;180.0f
	20;0
	17;地獄にお帰りなさいませ
@140
	11;-1
@144
	13;5;0
	7;0
	28;160.0f;220.0f
	17;この間は私の元に厄介ごとを
	17;押しつけやがって
@148
	11;-1
@152
	14;2;0
	8;0
	28;460.0f;180.0f
	17;残無様の手下を送り込んだことですか？
@156
	11;-1
@160
	13;5;0
	7;0
	28;160.0f;220.0f
	17;それ以外に何があるって言うんだ
@164
	11;-1
@168
	14;5;0
	8;0
	28;460.0f;180.0f
	17;萃香様なら喜んで頂けると思いまして……
@172
	11;-1
@176
	13;0;0
	7;0
	28;160.0f;220.0f
	17;もちろん楽しんだけどな！
@180
	11;-1
@184
	13;1;0
	7;0
	28;160.0f;220.0f
	19;18
	17;けど、ケジメは付けろ！
	17;お仕置きだ！
@188
	11;-1
	54
	4;0
	5;0
	6
	10;0
@218
	52
	0
@0
	0
entry 16 (255, 17, 0, 1)
@0
	10;0
	1;0
	2;0
	44;160.0f;220.0f
	45;460.0f;180.0f
	46;5;0
	47;18;0
@4
	46;5;0
	42;0
@34
	10;1
	29;0
	17;あ、そうだ
@38
	11;-1
@42
	46;5;0
	42;0
	17;お前は残無に構って貰いたいんだよな？
@46
	11;-1
@50
	47;14;0
	43;0
	17;わーん
@54
	11;-1
@58
	47;18;0
	43;0
	17;色々やっても全然振り向いて
	17;くれないんですー
@62
	11;-1
@66
	47;18;0
	43;0
	17;手下を別の場所に案内したって
	17;何も言ってくれないしー
@70
	11;-1
@74
	46;4;0
	42;0
	17;そんなお前に良い仕事がある
@78
	11;-1
@82
	47;16;0
	43;0
	17;え？
@86
	11;-1
@90
	46;5;0
	42;0
	17;よろこべ、最大の見せ場だぞ
@94
	11;-1
	4;0
	5;0
	6
	10;0
@124
	0
@0
	0
entry 17 (255, 17, 0, 2)
@0
	10;0
	1;0
	2;0
	44;160.0f;220.0f
	45;460.0f;180.0f
	46;5;0
	47;18;0
@4
	46;8;0
	42;0
@34
	10;1
	29;0
	17;色々やっても全然振り向いてくれないの
@38
	11;-1
	4;0
	5;0
	6
	10;0
@68
	0
@0
	0
entry 18 (255, 18, 0, 0)
@0
	10;0
	44;160.0f;220.0f
	45;450.0f;200.0f
	19;23
	1;0
	29;0
@4
	13;0;0
	7;0
	28;160.0f;220.0f
	17;さあ、もう宴もお終いだな
@8
	11;-1
@12
	13;1;0
	7;0
	28;160.0f;220.0f
	17;|53,10,にっぱく　ざんむ
	17;なあ、日白　残無よ
@16
	11;-1
	4;0
	10;0
	55
	18
	18
@116
	10;0
	28;160.0f;180.0f
	17;萃香……
@136
	10;1
@140
	11;-1
	1;0
	2;0
	12
	13;7;0
@144
	14;0;0
	8;0
	28;450.0f;200.0f
	20;0
	17;ずっとチョロチョロしてたな
	17;相変わらずかくれんぼが得意な奴じゃ
@148
	11;-1
@152
	13;0;0
	7;0
	28;160.0f;220.0f
	17;そろそろお前の作戦も終わりだろ？
@156
	11;-1
@160
	14;2;0
	8;0
	28;450.0f;200.0f
	29;0
	17;ふふっ、何を言うか
@164
	11;-1
@168
	14;5;0
	8;0
	28;450.0f;200.0f
	17;もうとっくに終わっとる
@172
	11;-1
@176
	14;5;0
	8;0
	28;450.0f;200.0f
	17;お前が気が付いたときには
	17;もう全て終わった後だ
@180
	11;-1
@184
	13;4;0
	7;0
	28;160.0f;220.0f
	17;だろうな
@188
	11;-1
@192
	13;1;0
	7;0
	28;160.0f;220.0f
	17;未来を作るその想像力
	17;いつ見ても恐れ入るよ
@196
	11;-1
@200
	14;4;0
	8;0
	28;450.0f;200.0f
	19;19
	17;何じゃ、おだてに来たんかい
@204
	11;-1
@208
	14;2;0
	8;0
	28;450.0f;200.0f
	17;力と頭脳こそ鬼の全てだ
@212
	11;-1
@216
	14;3;0
	8;0
	28;450.0f;200.0f
	17;少しは鬼らしくしたらどうだ！
@220
	11;-1
@224
	14;1;0
	8;0
	28;450.0f;200.0f
	29;1
	17;全てを見せて終わりにしようぜ
	17;伊吹の萃香よ！
@228
	11;-1
	54
	4;0
	5;0
	6
	10;0
@258
	52
	0
@0
	0
entry 19 (255, 18, 0, 1)
@0
	10;0
@120
	10;0
@180
	21
@300
	22
	0
@0
	0
entry 20 (255, 18, 0, 2)
@0
	10;0
	1;0
	2;0
	44;160.0f;220.0f
	45;450.0f;200.0f
	46;5;0
	47;18;0
@4
	46;3;0
	42;0
@34
	10;1
	29;0
	17;弱さは悪じゃぞ
@38
	11;-1
	4;0
	5;0
	6
	10;0
@68
	0
@0
	0
