header(0, 0, 0, 0, 0, 0, 0, 0, 0, 0, 0, 0, 0, 0, 0, 0, 0, 0, 0, 0)
entry 0 (16, 19, 0, 0)
@0
	10;0
	1;0
	2;0
	44;160.0f;220.0f
	45;480.0f;220.0f
	46;1;0
	47;18;0
@4
	46;1;0
	42;0
@34
	10;1
	29;0
	17;勝った
@38
	11;-1
	4;0
	5;0
	6
	10;0
@68
	0
@0
	0
entry 1 (100, 0, 0, 0)
@0
	10;0
	1;0
	2;0
	44;160.0f;220.0f
	45;480.0f;220.0f
	46;6;0
	47;18;0
@4
	46;0;0
	42;0
@34
	10;1
	29;0
	17;何をするにしても、弱いんじゃ話は進まん
@38
	11;-1
	4;0
	5;0
	6
	10;0
@68
	0
@0
	0
entry 2 (100, 0, 0, 2)
@0
	10;0
	1;0
	2;0
	44;160.0f;220.0f
	45;480.0f;220.0f
	46;6;0
	47;18;0
@4
	46;6;0
	42;0
@34
	10;1
	29;0
	17;残無は、中々のくせ者だろ？
	17;まともにやり合ったら飲み込まれるぞ
@38
	11;-1
	4;0
	5;0
	6
	10;0
@68
	0
@0
	0
entry 3 (50, 1, 0, 0)
@0
	10;0
	1;0
	2;0
	44;160.0f;220.0f
	45;480.0f;220.0f
	46;0;0
	47;18;0
@4
	46;6;0
	42;0
@34
	10;1
	29;0
	17;戦い方がなっていないな
	17;死にたくなければ強くなれ
@38
	11;-1
	4;0
	5;0
	6
	10;0
@68
	0
@0
	0
entry 4 (100, 2, 0, 0)
@0
	10;0
	1;0
	2;0
	44;160.0f;220.0f
	45;480.0f;220.0f
	46;0;0
	47;18;0
@4
	46;4;0
	42;0
@34
	10;1
	29;0
	17;守矢神社の奴らも残酷だ
	17;こんな子を鬼に差し出すなんてなぁ
@38
	11;-1
	4;0
	5;0
	6
	10;0
@68
	0
@0
	0
entry 5 (100, 3, 0, 0)
@0
	10;0
	1;0
	2;0
	44;160.0f;220.0f
	45;480.0f;220.0f
	46;0;0
	47;18;0
@4
	46;0;0
	42;0
@34
	10;1
	29;0
	17;今のお前は誰がコントロールしてるんだ？
	17;紫か？　それとも己か？
@38
	11;-1
	4;0
	5;0
	6
	10;0
@68
	0
@0
	0
entry 6 (100, 4, 0, 0)
@0
	10;0
	1;0
	2;0
	44;160.0f;220.0f
	45;480.0f;220.0f
	46;0;0
	47;18;0
@4
	46;5;0
	42;0
@34
	10;1
	29;0
	17;何なら二体同時にかかって
	17;きたって構わないぞ
@38
	11;-1
	4;0
	5;0
	6
	10;0
@68
	0
@0
	0
entry 7 (100, 5, 0, 0)
@0
	10;0
	1;0
	2;0
	44;160.0f;220.0f
	45;480.0f;220.0f
	46;0;0
	47;18;0
@4
	46;2;0
	42;0
@34
	10;1
	29;0
	17;ネズミのくせに中々やるな
	17;ま、ネズミ基準での話だけどな
@38
	11;-1
	4;0
	5;0
	6
	10;0
@68
	0
@0
	0
entry 8 (100, 6, 0, 0)
@0
	10;0
	1;0
	2;0
	44;160.0f;220.0f
	45;480.0f;220.0f
	46;0;0
	47;18;0
@4
	46;5;0
	42;0
@34
	10;1
	29;0
	17;月の都には鬼はいないよなー
	17;どうだ、怖いか？
@38
	11;-1
	4;0
	5;0
	6
	10;0
@68
	0
@0
	0
entry 9 (100, 7, 0, 0)
@0
	10;0
	1;0
	2;0
	44;160.0f;220.0f
	45;480.0f;220.0f
	46;0;0
	47;18;0
@4
	46;6;0
	42;0
@34
	10;1
	29;0
	17;おい、お燐ちゃん
	17;旧地獄にも異変の影響があるのか？
@38
	11;-1
	4;0
	5;0
	6
	10;0
@68
	0
@0
	0
entry 10 (100, 8, 0, 0)
@0
	10;0
	1;0
	2;0
	44;160.0f;220.0f
	45;480.0f;220.0f
	46;0;0
	47;18;0
@4
	46;5;0
	42;0
@34
	10;1
	29;0
	17;私に取憑かせたら承知しないからな
@38
	11;-1
	4;0
	5;0
	6
	10;0
@68
	0
@0
	0
entry 11 (100, 9, 0, 0)
@0
	10;0
	1;0
	2;0
	44;160.0f;220.0f
	45;480.0f;220.0f
	46;0;0
	47;18;0
@4
	46;2;0
	42;0
@34
	10;1
	29;0
	17;正直、狸の出る幕では無いな
@38
	11;-1
	4;0
	5;0
	6
	10;0
@68
	0
@0
	0
entry 12 (100, 10, 0, 0)
@0
	10;0
	1;0
	2;0
	44;160.0f;220.0f
	45;480.0f;220.0f
	46;0;0
	47;18;0
@4
	46;4;0
	42;0
@34
	10;1
	29;0
	17;鬼傑とはよく言えたものだな
	17;鬼に憧れすぎだろ
@38
	11;-1
	4;0
	5;0
	6
	10;0
@68
	0
@0
	0
entry 13 (100, 11, 0, 0)
@0
	10;0
	1;0
	2;0
	44;160.0f;220.0f
	45;480.0f;220.0f
	46;0;0
	47;18;0
@4
	46;5;0
	42;0
@34
	10;1
	29;0
	17;お前、本当にパワーがあるのか？
	17;私とパワー比べしてみるか？
@38
	11;-1
	4;0
	5;0
	6
	10;0
@68
	0
@0
	0
entry 14 (50, 11, 0, 0)
@0
	10;0
	1;0
	2;0
	44;160.0f;220.0f
	45;480.0f;220.0f
	46;0;0
	47;18;0
@4
	46;5;0
	42;0
@34
	10;1
	29;0
	17;お前、本当にスピードがあるのか？
	17;私とスピード比べしてみるか？
@38
	11;-1
@42
	46;8;0
	42;0
	17;……あ、参りました
	17;滅茶苦茶速かった……
@46
	11;-1
	4;0
	5;0
	6
	10;0
@76
	0
@0
	0
entry 15 (100, 12, 0, 0)
@0
	10;0
	1;0
	2;0
	44;160.0f;220.0f
	45;480.0f;220.0f
	46;0;0
	47;18;0
@4
	46;4;0
	42;0
@34
	10;1
	29;0
	17;伊吹瓢の酒を呑みたいだと？
	17;無限の胃袋を持つお前が、か
@38
	11;-1
	4;0
	5;0
	6
	10;0
@68
	0
@0
	0
entry 16 (50, 12, 0, 0)
@0
	10;0
	1;0
	2;0
	44;160.0f;220.0f
	45;480.0f;220.0f
	46;0;0
	47;18;0
@4
	46;7;0
	42;0
@34
	10;1
	29;0
	17;伊吹瓢の酒を呑みたいだと？
	17;無限の胃袋を持つお前が、か
@38
	11;-1
@42
	46;4;0
	42;0
	17;無限は無限を内包する
	17;つまり、酒は飲み尽くされる。断るぞ
@46
	11;-1
	4;0
	5;0
	6
	10;0
@76
	0
@0
	0
entry 17 (100, 13, 0, 0)
@0
	10;0
	1;0
	2;0
	44;160.0f;220.0f
	45;480.0f;220.0f
	46;0;0
	47;18;0
@4
	46;6;0
	42;0
@34
	10;1
	29;0
	17;いかん、呑みすぎた
@38
	11;-1
	4;0
	5;0
	6
	10;0
@68
	0
@0
	0
entry 18 (100, 14, 0, 0)
@0
	10;0
	1;0
	2;0
	44;160.0f;220.0f
	45;480.0f;220.0f
	46;0;0
	47;18;0
@4
	46;0;0
	42;0
@34
	10;1
	29;0
	17;懐かしいな、昔はこうやって野生の猿と
	17;遊んだりしたもんだが……
@38
	11;-1
	4;0
	5;0
	6
	10;0
@68
	0
@0
	0
entry 19 (100, 15, 0, 0)
@0
	10;0
	1;0
	2;0
	44;160.0f;220.0f
	45;480.0f;220.0f
	46;0;0
	47;18;0
@4
	46;6;0
	42;0
@34
	10;1
	29;0
	17;あー、お前だったのか
	17;彼奴もとんでもないものを隠してたな
@38
	11;-1
	4;0
	5;0
	6
	10;0
@68
	0
@0
	0
entry 20 (100, 16, 0, 0)
@0
	10;0
	1;0
	2;0
	44;160.0f;220.0f
	45;480.0f;220.0f
	46;0;0
	47;18;0
@4
	46;1;0
	42;0
@34
	10;1
	29;0
	17;地獄にもお前ほど呪われた奴は
	17;中々いないな
@38
	11;-1
	4;0
	5;0
	6
	10;0
@68
	0
@0
	0
entry 21 (100, 17, 0, 0)
@0
	10;0
	1;0
	2;0
	44;160.0f;220.0f
	45;480.0f;220.0f
	46;0;0
	47;18;0
@4
	46;0;0
	42;0
@34
	10;1
	29;0
	17;あんまり弱いと、みんな地獄から逃げるぜ
@38
	11;-1
	4;0
	5;0
	6
	10;0
@68
	0
@0
	0
entry 22 (100, 18, 0, 0)
@0
	10;0
	1;0
	2;0
	44;160.0f;220.0f
	45;480.0f;220.0f
	46;0;0
	47;18;0
@4
	46;5;0
	42;0
@34
	10;1
	29;0
	17;なあ、あんまり調子に乗るなよ
@38
	11;-1
	4;0
	5;0
	6
	10;0
@68
	0
@0
	0
