header(0, 1073742848, 134217792, 335544324, 402653185, 469893120, 872423424, 0, 0, 0, 0, 0, 0, 0, 0, 0, 0, 0, 0, 0)
entry 0 (16, 19, 0, 0)
@0
	10;0
	1;0
	2;0
	44;160.0f;220.0f
	45;460.0f;220.0f
	46;1;0
	47;18;0
@4
	46;1;0
	42;0
@34
	10;1
	29;0
	17;やるぞー
@38
	11;-1
@42
	47;1;0
	43;0
	17;やるぞー
@46
	11;-1
	4;0
	5;0
	6
	10;0
@76
	52
	0
@0
	0
entry 1 (16, 19, 0, 1)
@0
	10;0
	1;0
	2;0
	44;160.0f;220.0f
	45;460.0f;220.0f
	46;1;0
	47;18;0
@4
	46;1;0
	42;0
@34
	10;1
	29;0
	17;|136,16,おこ
	17;私に勝とうなんて烏滸がましいわ！
@38
	11;-1
	4;0
	5;0
	6
	10;0
@68
	0
@0
	0
entry 2 (16, 19, 0, 2)
@0
	10;0
	1;0
	2;0
	44;160.0f;220.0f
	45;460.0f;220.0f
	46;5;0
	47;18;0
@4
	47;18;0
	43;0
@34
	10;1
	29;0
	17;くやしー
@38
	11;-1
	4;0
	5;0
	6
	10;0
@68
	0
@0
	0
entry 3 (255, 10, 0, 0)
@0
	10;0
	44;160.0f;220.0f
	45;500.0f;220.0f
	19;22
	1;0
	29;0
@4
	13;5;0
	7;0
	28;160.0f;220.0f
	17;よーし、今日もバッチリ目が覚めた！
@8
	11;-1
	4;0
	10;0
	55
	18
	18
@108
	10;0
	28;160.0f;180.0f
	17;よーし、そろそろだな
@128
	10;1
@132
	11;-1
	1;0
	2;0
	12
	13;7;0
@136
	14;0;0
	8;0
	28;500.0f;220.0f
	20;0
	17;幻想郷の斉天大聖よ
@140
	11;-1
@144
	13;0;0
	7;0
	28;160.0f;220.0f
	17;はっ、お呼びで
@148
	11;-1
@152
	14;0;0
	8;0
	28;500.0f;220.0f
	17;機を見るに敏である
@156
	11;-1
@160
	14;5;0
	8;0
	28;500.0f;220.0f
	17;|149,10,おまえ
	17;肉体を持った心強い仲間が手に入ったんだ
	17;もう始めよう
@164
	11;-1
@168
	14;1;0
	8;0
	28;500.0f;220.0f
	17;これが最後の稽古だ
	17;行くぞ！
@172
	11;-1
@176
	13;4;0
	7;0
	28;160.0f;220.0f
	17;あ、やっぱり戦うんですね
@180
	11;-1
	19;1
	54
	4;0
	5;0
	6
	10;0
@210
	52
	0
@0
	0
entry 4 (255, 10, 0, 1)
@0
	10;0
	1;0
	2;0
	44;160.0f;220.0f
	45;500.0f;220.0f
	46;5;0
	47;18;0
@4
	47;14;0
	43;0
@34
	10;1
	29;0
	17;もう良いだろう
@38
	11;-1
@42
	47;10;0
	43;0
	17;お前には動物霊と一緒に
	17;制圧後の土地を守ってもらう
@46
	11;-1
@50
	46;0;0
	42;0
	17;ハッ
@54
	11;-1
@58
	46;6;0
	42;0
	17;して、八千慧様は？
@62
	11;-1
@66
	47;15;0
	43;0
	17;勁牙と剛欲の奴らを牽制する
@70
	11;-1
@74
	47;13;0
	43;0
	17;特に勁牙組にも新しい仲間が
	17;出来たそうなんでね
@78
	11;-1
	51;0
@108
	10;1
@112
	46;6;0
	42;0
	17;……行っちゃった
@116
	11;-1
@120
	46;5;0
	42;0
	17;|8,16,・・
	17;これで正解なんですかねー
	17;残無様……
@124
	11;-1
	4;0
	5;0
	6
	10;0
@154
	0
@0
	0
entry 5 (255, 10, 0, 2)
@0
	10;0
	1;0
	2;0
	44;160.0f;220.0f
	45;500.0f;220.0f
	46;5;0
	47;18;0
@4
	46;1;0
	42;0
@34
	10;1
	29;0
	17;じゃああとは任せたよ
@38
	11;-1
	4;0
	5;0
	6
	10;0
@68
	0
@0
	0
entry 6 (255, 6, 0, 0)
@0
	10;0
	44;160.0f;220.0f
	45;460.0f;220.0f
	19;22
	1;0
	29;0
@4
	13;2;0
	7;0
	28;160.0f;220.0f
	17;さーって、誰と戦っても
	17;良いなんて楽しみー！
@8
	11;-1
@12
	13;5;0
	7;0
	28;160.0f;220.0f
	17;なんかやっつけても罪悪感無い奴
	17;出てこないかなー
@16
	11;-1
	4;0
	10;0
	55
	18
	18
@116
	10;0
	28;160.0f;180.0f
	17;さ、猿だー
@136
	10;1
@140
	11;-1
	1;0
	2;0
	12
	13;7;0
@144
	14;5;0
	8;0
	28;460.0f;220.0f
	20;0
	17;やっぱり地上は良いわねー
@148
	11;-1
@152
	14;5;0
	8;0
	28;460.0f;220.0f
	17;珍しい生き物が多くて
@156
	11;-1
@160
	13;3;0
	7;0
	28;160.0f;220.0f
	17;ああん、喧嘩売っとんのかワレ
@164
	11;-1
@168
	14;1;0
	8;0
	28;460.0f;220.0f
	17;好戦的なのも素敵
@172
	11;-1
	19;1
	54
	4;0
	5;0
	6
	10;0
@202
	52
	0
@0
	0
entry 7 (255, 6, 0, 1)
@0
	10;0
	1;0
	2;0
	44;160.0f;220.0f
	45;460.0f;220.0f
	46;5;0
	47;18;0
@4
	47;18;0
	43;0
@34
	10;1
	29;0
	17;月の都にはこういう刺激的な奴
	17;いないのよ
@38
	11;-1
@42
	46;0;0
	42;0
	17;あー、月の兎だったんだね
	17;どうりで見かけない顔だと思った
@46
	11;-1
@50
	47;16;0
	43;0
	17;あれ？
	17;その棒から感じる妖気は何処かで……
@54
	11;-1
@58
	47;17;0
	43;0
	17;あ、そうだ、山犬の慧ノ子が持っていた
	17;宝玉と同じ！
@62
	11;-1
@66
	46;4;0
	42;0
	17;シーッ
@70
	11;-1
@74
	46;5;0
	42;0
	17;また戦ってあげるから
	17;内緒にして、ね
@78
	11;-1
@82
	47;17;0
	43;0
	17;あ、はい
@86
	11;-1
	4;0
	5;0
	6
	10;0
@116
	0
@0
	0
entry 8 (255, 6, 0, 2)
@0
	10;0
	1;0
	2;0
	44;160.0f;220.0f
	45;460.0f;220.0f
	46;5;0
	47;18;0
@4
	46;6;0
	42;0
@34
	10;1
	29;0
	17;月の都にはこういう刺激的な奴
	17;いないのよ
@38
	11;-1
	4;0
	5;0
	6
	10;0
@68
	0
@0
	0
entry 9 (255, 2, 0, 0)
@0
	10;0
	44;160.0f;220.0f
	45;460.0f;220.0f
	19;3
	1;0
	29;0
@4
	13;7;0
	7;0
	28;160.0f;220.0f
	17;早苗ちゃんは帰ってきてるかなー
@8
	11;-1
	4;0
	10;0
	55
	18
	18
@108
	10;0
	28;160.0f;180.0f
	17;あ、美天ちゃんだー
@128
	10;1
@132
	11;-1
	1;0
	2;0
	12
	13;0;0
@136
	14;5;0
	8;0
	28;460.0f;220.0f
	20;0
	17;遊びに来てくれたの？
@140
	11;-1
@144
	13;0;0
	7;0
	28;160.0f;220.0f
	17;元気にしてた？
@148
	11;-1
@152
	14;6;0
	8;0
	28;460.0f;220.0f
	17;元気だけど、鬼傑組の方は何をしているの？
@156
	11;-1
@160
	14;6;0
	8;0
	28;460.0f;220.0f
	17;地上になんの変化も見えないけど……
@164
	11;-1
@168
	13;2;0
	7;0
	28;160.0f;220.0f
	17;いよいよ、待ち望んだ決戦が始まったわ
@172
	11;-1
@176
	13;1;0
	7;0
	28;160.0f;220.0f
	17;だから早苗ちゃんも覚悟してね！
@180
	11;-1
@184
	14;7;0
	8;0
	28;460.0f;220.0f
	17;え？
@188
	11;-1
	54
	4;0
	5;0
	6
	10;0
@218
	52
	0
@0
	0
entry 10 (255, 2, 0, 1)
@0
	10;0
	1;0
	2;0
	44;160.0f;220.0f
	45;460.0f;220.0f
	46;5;0
	47;17;0
@4
	47;17;0
	43;0
@34
	10;1
	29;0
	17;決戦が始まったって、ほんと！？
@38
	11;-1
@42
	46;5;0
	42;0
	17;ま、結果も折り込み済みの決戦だけどね
@46
	11;-1
@50
	47;17;0
	43;0
	17;折り込み済み？
	17;もしかして、あの残無って鬼の……
@54
	11;-1
@58
	46;0;0
	42;0
	17;そ、八千慧様には申し訳ないけど……
@62
	11;-1
@66
	46;4;0
	42;0
	17;畜生同士の戦いは茶番なんですって
@70
	11;-1
	4;0
	5;0
	6
	10;0
@100
	0
@0
	0
entry 11 (255, 2, 0, 2)
@0
	10;0
	1;0
	2;0
	44;160.0f;220.0f
	45;460.0f;220.0f
	46;5;0
	47;4;0
@4
	46;4;0
	42;0
@34
	10;1
	29;0
	17;よく判らんけど勝っちゃった
@38
	11;-1
	4;0
	5;0
	6
	10;0
@68
	0
@0
	0
entry 12 (255, 0, 0, 0)
@0
	10;0
	44;160.0f;220.0f
	45;460.0f;220.0f
	19;22
	1;0
	29;0
@4
	13;2;0
	7;0
	28;160.0f;220.0f
	17;さてと、関係する妖怪は
	17;あらかたやっつけたし
@8
	11;-1
@12
	13;0;0
	7;0
	28;160.0f;220.0f
	17;残無様に報告に行くか
@16
	11;-1
@20
	13;7;0
	7;0
	28;160.0f;220.0f
	17;って、え？　貴方は……
@24
	11;-1
	19;14
	4;0
	10;0
	55
	18
	18
@124
	10;0
	28;160.0f;180.0f
	17;あら死んだの？
@144
	10;1
@148
	11;-1
	1;0
	2;0
	12
	13;7;0
@152
	14;5;0
	8;0
	28;460.0f;220.0f
	20;0
	17;彼岸を彷徨うなんて
@156
	11;-1
@160
	13;7;0
	7;0
	28;160.0f;220.0f
	17;れ、霊夢さん！？
	17;霊夢さんこそどうしてこんな場所に
@164
	11;-1
@168
	14;5;0
	8;0
	28;460.0f;220.0f
	17;俯瞰して異変を眺めていたら
	17;誰が悪者なのか悟ったわ
@172
	11;-1
@176
	14;3;0
	8;0
	28;460.0f;220.0f
	13;3;0
	17;尻尾を出すまで泳がせてたのよ！
@180
	11;-1
@184
	14;1;0
	8;0
	28;460.0f;220.0f
	17;あんたはあの地獄の鬼の手先だ
	17;調伏してやる！
@188
	11;-1
	54
	4;0
	5;0
	6
	10;0
@218
	52
	0
@0
	0
entry 13 (255, 0, 0, 1)
@0
	10;0
	1;0
	2;0
	44;160.0f;220.0f
	45;460.0f;220.0f
	46;5;0
	47;18;0
@4
	46;3;0
	42;0
@34
	10;1
	29;0
	17;鬼の手先だなんて……
	17;何の根拠に
@38
	11;-1
@42
	47;10;0
	43;0
	17;あんたが急に現れたから
	17;出自を調べたのよ
@46
	11;-1
@50
	47;15;0
	43;0
	17;あんたは、猿の時代に残無に会っている
@54
	11;-1
@58
	47;13;0
	43;0
	17;そしてそこで妖怪になった
@62
	11;-1
@66
	46;0;0
	42;0
	17;なるほど、ま、別に悪いことしてると
	17;思っていないので隠すつもりは無い
@70
	11;-1
@74
	47;15;0
	43;0
	17;……
@78
	11;-1
@82
	46;0;0
	42;0
	17;そうよ、私は残無様の力で猿神にしてもらい
	17;今も残無様の願いを叶えるために動いている
@86
	11;-1
@90
	46;0;0
	42;0
	17;霊夢さん、貴方が邪魔しようとも
	17;それも全て折り込み済みなのよ！
@94
	11;-1
@98
	46;2;0
	42;0
	17;全ては残無様の掌の上……
@102
	11;-1
@106
	47;16;0
	43;0
	17;|37,10,あいつ
	17;……残無の願い、か
@110
	11;-1
	4;0
	5;0
	6
	10;0
@140
	0
@0
	0
entry 14 (255, 0, 0, 2)
@0
	10;0
	1;0
	2;0
	44;160.0f;220.0f
	45;460.0f;220.0f
	46;5;0
	47;18;0
@4
	46;2;0
	42;0
@34
	10;1
	29;0
	17;よーし、あと二匹だわ
@38
	11;-1
	4;0
	5;0
	6
	10;0
@68
	0
@0
	0
entry 15 (255, 17, 0, 0)
@0
	10;0
	44;160.0f;220.0f
	45;460.0f;180.0f
	19;23
	1;0
	29;0
@4
	13;6;0
	7;0
	28;160.0f;220.0f
	17;えーっと、地獄って
	17;ここであってるのかな
@8
	11;-1
@12
	13;8;0
	7;0
	28;160.0f;220.0f
	17;広いし暗いし何にもないし
	17;どうすりゃいいの？
@16
	11;-1
	4;0
	10;0
	55
	18
@116
	10;0
	28;160.0f;180.0f
	17;地獄へようこそ
@136
	10;1
@140
	11;-1
	1;0
	2;0
	12
	13;7;0
@144
	14;0;0
	8;0
	28;460.0f;180.0f
	17;孫美天さまですね
	17;残無様より話は伺っております
@148
	11;-1
@152
	13;7;0
	7;0
	28;160.0f;220.0f
	17;え？　貴方は誰？
@156
	11;-1
@160
	14;0;0
	8;0
	28;460.0f;180.0f
	20;0
	17;|38,13,よもつ　ひさみ
	17;私は豫母都日狭美
	17;地獄の案内人ですわ
@164
	11;-1
@168
	14;5;0
	8;0
	28;460.0f;180.0f
	17;地獄はいつでも誰でもウェルカムですが
	17;案内が無いと、望んだところには行けませんので
@172
	11;-1
@176
	13;0;0
	7;0
	28;160.0f;220.0f
	17;なるほど……
@180
	11;-1
@184
	13;1;0
	7;0
	28;160.0f;220.0f
	17;じゃあ案内して
	17;残無の元に
@188
	11;-1
@192
	14;0;0
	8;0
	28;460.0f;180.0f
	17;ふっふっふ、勿論でございます
	17;でもその前に
@196
	11;-1
@200
	14;1;0
	8;0
	28;460.0f;180.0f
	19;18
	29;1
	17;地獄の流儀に従って頂きます！
@204
	11;-1
	54
	4;0
	5;0
	6
	10;0
@234
	52
	0
@0
	0
entry 16 (255, 17, 0, 1)
@0
	10;0
	1;0
	2;0
	44;160.0f;220.0f
	45;460.0f;180.0f
	46;5;0
	47;10;0
@4
	47;10;0
	43;0
@34
	10;1
	29;0
	17;それでは案内いたしましょう
@38
	11;-1
@42
	46;4;0
	42;0
	17;戦う意味ってあったのかな
@46
	11;-1
@50
	47;15;0
	43;0
	17;悪く思わないでください
	17;これも残無様の指示ですから
@54
	11;-1
@58
	46;6;0
	42;0
	17;この世界、好戦的な奴が多すぎるわ
@62
	11;-1
@66
	47;11;0
	43;0
	17;それでは指示通り案内いたします
@70
	11;-1
@74
	47;15;0
	43;0
	17;フッフッフ
	17;ゆっくり地獄を楽しんでくださいね
@78
	11;-1
@82
	46;4;0
	42;0
	17;？？
@86
	11;-1
	4;0
	5;0
	6
	10;0
@116
	0
@0
	0
entry 17 (255, 17, 0, 2)
@0
	10;0
	1;0
	2;0
	44;160.0f;220.0f
	45;460.0f;180.0f
	46;5;0
	47;18;0
@4
	46;1;0
	42;0
@34
	10;1
	29;0
	17;それでは案内いたしましょう
	17;地獄の果てまでも……
@38
	11;-1
	4;0
	5;0
	6
	10;0
@68
	0
@0
	0
entry 18 (255, 13, 0, 0)
@0
	10;0
	44;160.0f;220.0f
	45;460.0f;220.0f
	19;23
	1;0
	29;0
@4
	13;6;0
	7;0
	28;160.0f;220.0f
	17;着いたのかな
@8
	11;-1
@12
	13;6;0
	7;0
	28;160.0f;220.0f
	17;余り代わり映えがしないけど
@16
	11;-1
	4;0
	10;0
	55
	18
	18
@116
	10;0
	28;160.0f;180.0f
	17;誰だ？
@136
	10;1
@140
	11;-1
	1;0
	2;0
	12
	13;7;0
@144
	14;0;0
	8;0
	28;460.0f;220.0f
	17;孫美天とかいう
	17;残無んとこの猿か、何で私の所に？
@148
	11;-1
@152
	13;7;0
	7;0
	28;160.0f;220.0f
	17;え？　貴方は……
@156
	11;-1
@160
	14;1;0
	8;0
	28;460.0f;220.0f
	20;0
	17;|5,10,いぶきすいか
	17;伊吹萃香、泣く子も黙る鬼だ
@164
	11;-1
@168
	14;5;0
	8;0
	28;460.0f;220.0f
	17;ははーん、さてはお前
	17;残無に捨てられたんだろ
@172
	11;-1
@176
	13;7;0
	7;0
	28;160.0f;220.0f
	17;え？
@180
	11;-1
@184
	14;5;0
	8;0
	28;460.0f;220.0f
	17;彼奴はそういう所があるからな
@188
	11;-1
@192
	14;6;0
	8;0
	28;460.0f;220.0f
	17;都合良く人を使い、捨てる
	17;旧地獄も捨ててきた
@196
	11;-1
@200
	14;0;0
	8;0
	28;460.0f;220.0f
	17;それだからこそ、みんな慕ってるんだ
@204
	11;-1
@208
	14;2;0
	8;0
	28;460.0f;220.0f
	17;彼奴は鬼らしい鬼さ
@212
	11;-1
@216
	13;6;0
	7;0
	28;160.0f;220.0f
	17;……
@220
	11;-1
@224
	14;6;0
	8;0
	28;460.0f;220.0f
	19;19
	17;いっちょ前に悲しんでるのか？怒ってるのか？
	17;お前だって一杯人を騙してきただろ
@228
	11;-1
@232
	13;0;0
	7;0
	28;160.0f;220.0f
	17;驚いているだけよ
	17;本当に残無様は予想を裏切るのね
@236
	11;-1
@240
	13;2;0
	7;0
	28;160.0f;220.0f
	17;この世界は鬼だらけ、か
@244
	11;-1
@248
	14;0;0
	8;0
	28;460.0f;220.0f
	17;聖域の幽霊を喰らったお前は
	17;どのみち地獄に堕ちる予定だったんだし
@252
	11;-1
@256
	14;1;0
	8;0
	28;460.0f;220.0f
	17;ま、地獄を楽しんでいこうぜ
	17;どうせ自力では出られないんだ
@260
	11;-1
	54
	4;0
	5;0
	6
	10;0
@290
	52
	0
@0
	0
entry 19 (255, 13, 0, 1)
@0
	10;0
@120
	10;0
@180
	21
@300
	22
	0
@0
	0
entry 20 (255, 13, 0, 2)
@0
	10;0
	1;0
	2;0
	44;160.0f;220.0f
	45;460.0f;220.0f
	46;5;0
	47;18;0
@4
	46;5;0
	42;0
@34
	10;1
	29;0
	17;そんなんじゃ地獄から逃げ出せないぜ！
@38
	11;-1
	4;0
	5;0
	6
	10;0
@68
	0
@0
	0
