header(0, 0, 0, 0, 0, 0, 0, 0, 0, 0, 0, 0, 0, 0, 0, 0, 0, 0, 0, 0)
entry 0 (16, 19, 0, 0)
@0
	10;0
	1;0
	2;0
	44;160.0f;220.0f
	45;480.0f;220.0f
	46;1;0
	47;18;0
@4
	46;1;0
	42;0
@34
	10;1
	29;0
	17;やった！
@38
	11;-1
	4;0
	5;0
	6
	10;0
@68
	0
@0
	0
entry 1 (100, 0, 0, 0)
@0
	10;0
	1;0
	2;0
	44;160.0f;220.0f
	45;480.0f;220.0f
	46;6;0
	47;18;0
@4
	46;5;0
	42;0
@34
	10;1
	29;0
	17;我こそは、聖域の斉天大聖！
	17;なんてね
@38
	11;-1
	4;0
	5;0
	6
	10;0
@68
	0
@0
	0
entry 2 (50, 1, 0, 0)
@0
	10;0
	1;0
	2;0
	44;160.0f;220.0f
	45;480.0f;220.0f
	46;0;0
	47;18;0
@4
	46;4;0
	42;0
@34
	10;1
	29;0
	17;その火力、良いねー！
	17;でも、もっと上手に使えば強くなれるのにねぇ
@38
	11;-1
	4;0
	5;0
	6
	10;0
@68
	0
@0
	0
entry 3 (100, 2, 0, 0)
@0
	10;0
	1;0
	2;0
	44;160.0f;220.0f
	45;480.0f;220.0f
	46;0;0
	47;18;0
@4
	46;2;0
	42;0
@34
	10;1
	29;0
	17;守矢神社の巫女は、一人で何も出来ない
	17;猿以下のポンコツだ、って噂、本当ね
@38
	11;-1
	4;0
	5;0
	6
	10;0
@68
	0
@0
	0
entry 4 (100, 2, 0, 2)
@0
	10;0
	1;0
	2;0
	44;160.0f;220.0f
	45;480.0f;220.0f
	46;0;0
	47;18;0
@4
	46;5;0
	42;0
@34
	10;1
	29;0
	17;早苗ちゃん、そんなんじゃ
	17;またポンコツ扱いされるよ！
@38
	11;-1
	4;0
	5;0
	6
	10;0
@68
	0
@0
	0
entry 5 (100, 3, 0, 0)
@0
	10;0
	1;0
	2;0
	44;160.0f;220.0f
	45;480.0f;220.0f
	46;0;0
	47;18;0
@4
	46;2;0
	42;0
@34
	10;1
	29;0
	17;そんな物も掴めない尻尾を沢山持ったって
	17;何か意味あるの？
@38
	11;-1
	4;0
	5;0
	6
	10;0
@68
	0
@0
	0
entry 6 (100, 4, 0, 0)
@0
	10;0
	1;0
	2;0
	44;160.0f;220.0f
	45;480.0f;220.0f
	46;0;0
	47;18;0
@4
	46;4;0
	42;0
@34
	10;1
	29;0
	17;犬は私の天敵よ！
	17;あんたが犬かどうかは、議論が必要だけど
@38
	11;-1
	4;0
	5;0
	6
	10;0
@68
	0
@0
	0
entry 7 (100, 4, 0, 2)
@0
	10;0
	1;0
	2;0
	44;160.0f;220.0f
	45;480.0f;220.0f
	46;0;0
	47;18;0
@4
	46;6;0
	42;0
@34
	10;1
	29;0
	17;この間はごめんねー
	17;埋め合わせはきっとするから
@38
	11;-1
	4;0
	5;0
	6
	10;0
@68
	0
@0
	0
entry 8 (100, 5, 0, 0)
@0
	10;0
	1;0
	2;0
	44;160.0f;220.0f
	45;480.0f;220.0f
	46;0;0
	47;18;0
@4
	46;6;0
	42;0
@34
	10;1
	29;0
	17;探し物か、戦闘か
	17;どっちかに集中した方がよくね？
@38
	11;-1
	4;0
	5;0
	6
	10;0
@68
	0
@0
	0
entry 9 (100, 6, 0, 0)
@0
	10;0
	1;0
	2;0
	44;160.0f;220.0f
	45;480.0f;220.0f
	46;0;0
	47;18;0
@4
	46;4;0
	42;0
@34
	10;1
	29;0
	17;いいなー、月の都、行ってみたいなー
	17;何なら天竺なんて行ってみたくはないな
@38
	11;-1
	4;0
	5;0
	6
	10;0
@68
	0
@0
	0
entry 10 (100, 7, 0, 0)
@0
	10;0
	1;0
	2;0
	44;160.0f;220.0f
	45;480.0f;220.0f
	46;0;0
	47;18;0
@4
	46;6;0
	42;0
@34
	10;1
	29;0
	17;え？　死体なんて集めて何すんの？
@38
	11;-1
	4;0
	5;0
	6
	10;0
@68
	0
@0
	0
entry 11 (100, 8, 0, 0)
@0
	10;0
	1;0
	2;0
	44;160.0f;220.0f
	45;480.0f;220.0f
	46;0;0
	47;18;0
@4
	46;4;0
	42;0
@34
	10;1
	29;0
	17;コソコソ取憑く妖怪って
	17;なんか卑怯じゃ無い？
@38
	11;-1
	4;0
	5;0
	6
	10;0
@68
	0
@0
	0
entry 12 (100, 9, 0, 0)
@0
	10;0
	1;0
	2;0
	44;160.0f;220.0f
	45;480.0f;220.0f
	46;0;0
	47;18;0
@4
	46;4;0
	42;0
@34
	10;1
	29;0
	17;え、この棒が伸びるかって？
	17;見てわかるでしょ？　伸びるわけ無いじゃん
@38
	11;-1
	4;0
	5;0
	6
	10;0
@68
	0
@0
	0
entry 13 (100, 10, 0, 0)
@0
	10;0
	1;0
	2;0
	44;160.0f;220.0f
	45;480.0f;220.0f
	46;0;0
	47;14;0
@4
	46;5;0
	42;0
@34
	10;1
	29;0
	17;さっすがー、吉弔組長です
	17;わざと負けてくれたんですよね？
@38
	11;-1
	4;0
	5;0
	6
	10;0
@68
	0
@0
	0
entry 14 (100, 11, 0, 0)
@0
	10;0
	1;0
	2;0
	44;160.0f;220.0f
	45;480.0f;220.0f
	46;0;0
	47;18;0
@4
	46;5;0
	42;0
@34
	10;1
	29;0
	17;ふふ、畜生界一のスピードスターも
	17;そんな程度ですかい？
@38
	11;-1
	4;0
	5;0
	6
	10;0
@68
	0
@0
	0
entry 15 (100, 12, 0, 0)
@0
	10;0
	1;0
	2;0
	44;160.0f;220.0f
	45;480.0f;220.0f
	46;0;0
	47;18;0
@4
	46;6;0
	42;0
@34
	10;1
	29;0
	17;あ、お腹空いてるの？
	17;まだ青いけど柿でも食べる？
@38
	11;-1
	4;0
	5;0
	6
	10;0
@68
	0
@0
	0
entry 16 (100, 13, 0, 0)
@0
	10;0
	1;0
	2;0
	44;160.0f;220.0f
	45;480.0f;220.0f
	46;0;0
	47;18;0
@4
	46;1;0
	42;0
@34
	10;1
	29;0
	17;あいやー！
	17;ついに鬼を退治したぞー！
@38
	11;-1
	4;0
	5;0
	6
	10;0
@68
	0
@0
	0
entry 17 (100, 14, 0, 0)
@0
	10;0
	1;0
	2;0
	44;160.0f;220.0f
	45;480.0f;220.0f
	46;0;0
	47;18;0
@4
	46;1;0
	42;0
@34
	10;1
	29;0
	17;やった、分身特訓成功よ！
@38
	11;-1
	4;0
	5;0
	6
	10;0
@68
	0
@0
	0
entry 18 (100, 15, 0, 0)
@0
	10;0
	1;0
	2;0
	44;160.0f;220.0f
	45;480.0f;220.0f
	46;0;0
	47;15;0
@4
	46;8;0
	42;0
@34
	10;1
	29;0
	17;紛うこと無き犬だー！
	17;犬は苦手なのよ……
@38
	11;-1
	4;0
	5;0
	6
	10;0
@68
	0
@0
	0
entry 19 (100, 16, 0, 0)
@0
	10;0
	1;0
	2;0
	44;160.0f;220.0f
	45;480.0f;220.0f
	46;0;0
	47;18;0
@4
	46;4;0
	42;0
@34
	10;1
	29;0
	17;なんだ、不気味な妖怪って聞いてたけど
	17;……まあまあ不気味ね
@38
	11;-1
	4;0
	5;0
	6
	10;0
@68
	0
@0
	0
entry 20 (100, 17, 0, 0)
@0
	10;0
	1;0
	2;0
	44;160.0f;220.0f
	45;480.0f;220.0f
	46;0;0
	47;18;0
@4
	46;0;0
	42;0
@34
	10;1
	29;0
	17;妖怪の山で獲れたタケノコ食べます？
@38
	11;-1
	4;0
	5;0
	6
	10;0
@68
	0
@0
	0
entry 21 (100, 18, 0, 0)
@0
	10;0
	1;0
	2;0
	44;160.0f;220.0f
	45;480.0f;220.0f
	46;0;0
	47;18;0
@4
	46;1;0
	42;0
@34
	10;1
	29;0
	17;鬼退治って気持ちいい！
	17;数多の勇者がハマる理由も判るわ！
@38
	11;-1
	4;0
	5;0
	6
	10;0
@68
	0
@0
	0
