header(0, 671090688, 1006632976, 134217730, 402653185, 469893120, 872423424, 0, 0, 0, 0, 0, 0, 0, 0, 0, 0, 0, 0, 0)
entry 0 (16, 19, 0, 0)
@0
	10;0
	1;0
	2;0
	44;160.0f;220.0f
	45;460.0f;220.0f
	46;1;0
	47;18;0
@4
	46;1;0
	42;0
@34
	10;1
	29;0
	17;やるぞー
@38
	11;-1
@42
	47;1;0
	43;0
	17;やるぞー
@46
	11;-1
	4;0
	5;0
	6
	10;0
@76
	52
	0
@0
	0
entry 1 (16, 19, 0, 1)
@0
	10;0
	1;0
	2;0
	44;160.0f;220.0f
	45;460.0f;220.0f
	46;1;0
	47;18;0
@4
	46;1;0
	42;0
@34
	10;1
	29;0
	17;|136,16,おこ
	17;私に勝とうなんて烏滸がましいわ！
@38
	11;-1
	4;0
	5;0
	6
	10;0
@68
	0
@0
	0
entry 2 (16, 19, 0, 2)
@0
	10;0
	1;0
	2;0
	44;160.0f;220.0f
	45;460.0f;220.0f
	46;5;0
	47;18;0
@4
	47;18;0
	43;0
@34
	10;1
	29;0
	17;くやしー
@38
	11;-1
	4;0
	5;0
	6
	10;0
@68
	0
@0
	0
entry 3 (255, 11, 0, 0)
@0
	10;0
	44;160.0f;220.0f
	45;460.0f;220.0f
	19;22
	1;0
	29;0
@4
	13;6;0
	7;0
	28;160.0f;220.0f
	17;ふあー、今日も平和だわー
	17;寝ちゃおっかな
@8
	11;-1
	4;0
	10;0
	55
	18
	18
@108
	10;0
	28;160.0f;180.0f
	17;おーい
@128
	10;1
@132
	11;-1
	1;0
	2;0
	12
	13;0;0
@136
	14;0;0
	8;0
	28;460.0f;220.0f
	20;0
	17;慧ノ子、いるか？
@140
	11;-1
@144
	13;0;0
	7;0
	28;160.0f;220.0f
	17;はっ、早鬼様
	17;準備は出来ています
@148
	11;-1
@152
	14;0;0
	8;0
	28;460.0f;220.0f
	17;いよいよ決戦の時だ
	17;最後の準備運動をするぞ
@156
	11;-1
@160
	13;4;0
	7;0
	28;160.0f;220.0f
	17;はい
	17;でも、それって本当に必要なんですかね……
@164
	11;-1
@168
	14;1;0
	8;0
	28;460.0f;220.0f
	17;つべこべ言うな
	17;行くぞ！
@172
	11;-1
	19;1
	54
	4;0
	5;0
	6
	10;0
@202
	52
	0
@0
	0
entry 4 (255, 11, 0, 1)
@0
	10;0
	1;0
	2;0
	44;160.0f;220.0f
	45;460.0f;220.0f
	46;5;0
	47;18;0
@4
	47;2;0
	43;0
@34
	10;1
	29;0
	17;|100,8,なま
	17;よし、身体は鈍っていない！
@38
	11;-1
@42
	46;4;0
	42;0
	17;連日、戦ってますから鈍る暇も有りませんよ
@46
	11;-1
@50
	47;10;0
	43;0
	17;お前は地上の妖怪達から大地を守れ
@54
	11;-1
@58
	47;11;0
	43;0
	17;私は厄介な相手を制してくる
@62
	11;-1
	18
	51;0
@92
	10;1
@96
	46;1;0
	42;0
	17;さてと、私も仕事をしましょっと
@100
	11;-1
	4;0
	5;0
	6
	10;0
@130
	0
@0
	0
entry 5 (255, 11, 0, 2)
@0
	10;0
	1;0
	2;0
	44;160.0f;220.0f
	45;460.0f;220.0f
	46;5;0
	47;18;0
@4
	46;6;0
	42;0
@34
	10;1
	29;0
	17;鍛え直しが必要だな
@38
	11;-1
	4;0
	5;0
	6
	10;0
@68
	0
@0
	0
entry 6 (255, 4, 0, 0)
@0
	10;0
	44;160.0f;220.0f
	45;460.0f;220.0f
	19;22
	1;0
	29;0
@4
	13;6;0
	7;0
	28;160.0f;220.0f
	17;森からずっと出てなかったから
	17;外にどんな奴がいるか余り知らないんだよね
@8
	11;-1
	4;0
	10;0
	55
	18
	18
@108
	10;0
	28;160.0f;180.0f
	17;あれー
@128
	10;1
@132
	11;-1
	1;0
	2;0
	12
	13;7;0
@136
	14;5;0
	8;0
	28;460.0f;220.0f
	20;0
	17;見たことのない奴だー
	17;神社から余り出てなかったからなー
@140
	11;-1
@144
	13;7;0
	7;0
	28;160.0f;220.0f
	17;む、同族だ
@148
	11;-1
@152
	13;1;0
	7;0
	28;160.0f;220.0f
	17;手始めにこいつと戦ってみようっと！
@156
	11;-1
@160
	14;7;0
	8;0
	28;460.0f;220.0f
	17;うわ、何をするー
@164
	11;-1
	19;1
	54
	4;0
	5;0
	6
	10;0
@194
	52
	0
@0
	0
entry 7 (255, 4, 0, 1)
@0
	10;0
	1;0
	2;0
	44;160.0f;220.0f
	45;460.0f;220.0f
	46;5;0
	47;18;0
@4
	46;7;0
	42;0
@34
	10;1
	29;0
	17;ごめんごめん
@38
	11;-1
@42
	46;6;0
	42;0
	17;同じイヌ科で世間知らずって
	17;余りにも境遇が似てたんで
@46
	11;-1
@50
	46;5;0
	42;0
	17;同じように戦う相手を探しているのかなと
@54
	11;-1
@58
	47;18;0
	43;0
	17;ひえー
@62
	11;-1
@66
	47;15;0
	43;0
	17;何で判ったの
@70
	11;-1
	4;0
	5;0
	6
	10;0
@100
	0
@0
	0
entry 8 (255, 4, 0, 2)
@0
	10;0
	1;0
	2;0
	44;160.0f;220.0f
	45;460.0f;220.0f
	46;5;0
	47;18;0
@4
	46;0;0
	42;0
@34
	10;1
	29;0
	17;ま、幻想郷では日常茶飯事ね
@38
	11;-1
	4;0
	5;0
	6
	10;0
@68
	0
@0
	0
entry 9 (255, 1, 0, 0)
@0
	10;0
	44;160.0f;220.0f
	45;460.0f;220.0f
	19;22
	1;0
	29;0
@4
	13;0;0
	7;0
	28;160.0f;220.0f
	17;今頃、早鬼様は猿辺りと
	17;戦ってたりするのかなぁ
@8
	11;-1
@12
	13;6;0
	7;0
	28;160.0f;220.0f
	17;私は決戦が始まったことを
	17;報告に行かないと……な
@16
	11;-1
	4;0
	10;0
	55
	18
	18
@116
	10;0
	28;160.0f;180.0f
	17;あ、慧ノ子じゃん
@136
	10;1
@140
	11;-1
	1;0
	2;0
	12
	13;7;0
@144
	14;5;0
	8;0
	28;460.0f;220.0f
	20;0
	17;森から出てきたのか？
@148
	11;-1
@152
	13;7;0
	7;0
	28;160.0f;220.0f
	17;あー、魔理沙
	17;元気にしてた？
@156
	11;-1
@160
	14;6;0
	8;0
	28;460.0f;220.0f
	17;そりゃ、別に身体を壊したりも無いが……
@164
	11;-1
@168
	14;4;0
	8;0
	28;460.0f;220.0f
	17;それはともかく、そろそろお願いしてた
	17;その……あの件は……
@172
	11;-1
@176
	13;3;0
	7;0
	28;160.0f;220.0f
	17;あー、この宝玉のこと？
	17;駄目よ、この宝玉は大切な物なんだから
@180
	11;-1
@184
	13;5;0
	7;0
	28;160.0f;220.0f
	19;2
	17;でもー、戦って魔理沙が勝ったら
	17;考えても良いかもー
@188
	11;-1
@192
	14;2;0
	8;0
	28;460.0f;220.0f
	17;マジでー
	17;やるぜー！
@196
	11;-1
@200
	11;-1
	54
	4;0
	5;0
	6
	10;0
@230
	52
	0
@0
	0
entry 10 (255, 1, 0, 1)
@0
	10;0
	1;0
	2;0
	44;160.0f;220.0f
	45;460.0f;220.0f
	46;5;0
	47;18;0
@4
	46;2;0
	42;0
@34
	10;1
	29;0
	17;それで本気を出したの？
@38
	11;-1
@42
	47;17;0
	43;0
	17;あ、いや、その宝玉に罠が
	17;仕掛けられてることが頭によぎって
@46
	11;-1
@50
	47;16;0
	43;0
	17;余り集中できなかったよ
@54
	11;-1
@58
	46;6;0
	42;0
	17;そうなんだ……
	17;それは残念ね
@62
	11;-1
@66
	46;5;0
	42;0
	17;約束するわ
	17;全て片付いたら宝玉を貸す
@70
	11;-1
@74
	47;12;0
	43;0
	17;本当か？
	17;それは……嬉しい！
@78
	11;-1
@82
	46;1;0
	42;0
	17;そうなったら本気で殺し合おう！
@86
	11;-1
@90
	47;14;0
	43;0
	17;そっちは遠慮……したいけど
@94
	11;-1
	4;0
	5;0
	6
	10;0
@124
	0
@0
	0
entry 11 (255, 1, 0, 2)
@0
	10;0
	1;0
	2;0
	44;160.0f;220.0f
	45;460.0f;220.0f
	46;5;0
	47;15;0
@4
	47;15;0
	43;0
@34
	10;1
	29;0
	17;私を舐めんなよ！
@38
	11;-1
	4;0
	5;0
	6
	10;0
@68
	0
@0
	0
entry 12 (255, 0, 0, 0)
@0
	10;0
	44;160.0f;220.0f
	45;460.0f;220.0f
	19;22
	1;0
	29;0
@4
	13;6;0
	7;0
	28;160.0f;220.0f
	17;やっぱりこの宝玉を手放したいなー
@8
	11;-1
@12
	13;0;0
	7;0
	28;160.0f;220.0f
	17;そうすれば、またただの犬に戻れるかな
@16
	11;-1
	19;14
	4;0
	10;0
	55
	18
	18
@116
	10;0
	28;160.0f;180.0f
	17;あら死んだの？
@136
	10;1
@140
	11;-1
	1;0
	2;0
	12
	13;7;0
@144
	14;5;0
	8;0
	28;460.0f;220.0f
	20;0
	17;彼岸を彷徨うなんて
@148
	11;-1
@152
	13;7;0
	7;0
	28;160.0f;220.0f
	17;れ、霊夢、さん？
@156
	11;-1
@160
	13;0;0
	7;0
	28;160.0f;220.0f
	17;こんな所で会うなんて奇遇ね
@164
	11;-1
@168
	14;5;0
	8;0
	28;460.0f;220.0f
	17;俯瞰して異変を眺めていたら
	17;誰が悪者なのか悟ったわ
@172
	11;-1
@176
	14;3;0
	8;0
	28;460.0f;220.0f
	13;7;0
	17;尻尾を出すまで泳がせてたのよ！
@180
	11;-1
@184
	14;1;0
	8;0
	28;460.0f;220.0f
	17;あんたはあの地獄の鬼の手先だ
	17;調伏してやる！
@188
	11;-1
	54
	4;0
	5;0
	6
	10;0
@218
	52
	0
@0
	0
entry 13 (255, 0, 0, 1)
@0
	10;0
	1;0
	2;0
	44;160.0f;220.0f
	45;460.0f;220.0f
	46;5;0
	47;18;0
@4
	46;3;0
	42;0
@34
	10;1
	29;0
	17;鬼の手先だなんて……
	17;言いがかりだわ
@38
	11;-1
@42
	47;13;0
	43;0
	17;あんたの首に掛けている宝玉はね
	17;鬼の道具の一つだって判ったわ
@46
	11;-1
@50
	47;13;0
	43;0
	17;その力で妖怪化したあんたが
	17;鬼の手先で無い理由など無い
@54
	11;-1
@58
	46;5;0
	42;0
	17;っく、ふっふっふ
	17;ま、あながち間違っていないがね
@62
	11;-1
@66
	47;15;0
	43;0
	17;……
@70
	11;-1
@74
	46;0;0
	42;0
	17;そうよ、私は残無様の力で覚醒した
	17;だから残無様の願いを叶えるために動いている
@78
	11;-1
@82
	46;0;0
	42;0
	17;霊夢さん、貴方が邪魔することも
	17;想定通りだってさ
@86
	11;-1
@90
	46;2;0
	42;0
	17;全ては残無様の掌の上……
@94
	11;-1
@98
	47;16;0
	43;0
	17;|37,10,あいつ
	17;……残無の願い、か
@102
	11;-1
	4;0
	5;0
	6
	10;0
@132
	0
@0
	0
entry 14 (255, 0, 0, 2)
@0
	10;0
	1;0
	2;0
	44;160.0f;220.0f
	45;460.0f;220.0f
	46;5;0
	47;18;0
@4
	46;3;0
	42;0
@34
	10;1
	29;0
	17;弱い！
	17;そんなんじゃつまらないぞ！
@38
	11;-1
	4;0
	5;0
	6
	10;0
@68
	0
@0
	0
entry 15 (255, 17, 0, 0)
@0
	10;0
	44;160.0f;220.0f
	45;460.0f;180.0f
	19;23
	1;0
	29;0
@4
	13;6;0
	7;0
	28;160.0f;220.0f
	17;ここが地獄……？
@8
	11;-1
@12
	13;0;0
	7;0
	28;160.0f;220.0f
	17;早鬼様に『地獄の番犬、ケルベロスの様だ』
	17;って言われてたけど
@16
	11;-1
@20
	13;6;0
	7;0
	28;160.0f;220.0f
	17;こんなとこの番犬はしたくないなぁ
@24
	11;-1
	4;0
	10;0
	55
	18
@124
	10;0
	28;160.0f;180.0f
	17;地獄へようこそ
@144
	10;1
@148
	11;-1
	1;0
	2;0
	12
	13;7;0
@152
	14;0;0
	8;0
	28;460.0f;180.0f
	17;三頭　慧ノ子さまですね
	17;残無様より話は伺っております
@156
	11;-1
@160
	13;7;0
	7;0
	28;160.0f;220.0f
	17;え？　貴方は誰？
@164
	11;-1
@168
	14;0;0
	8;0
	28;460.0f;180.0f
	20;0
	17;|38,13,よもつ　ひさみ
	17;私は豫母都日狭美
	17;地獄の案内人ですわ
@172
	11;-1
@176
	14;5;0
	8;0
	28;460.0f;180.0f
	17;地獄はいつでも誰でもウェルカムですが
	17;案内が無いと、望んだところには行けませんので
@180
	11;-1
@184
	13;0;0
	7;0
	28;160.0f;220.0f
	17;あ、そうなんだ
	17;じゃあ案内してよ、残無様の元に
@188
	11;-1
@192
	14;0;0
	8;0
	28;460.0f;180.0f
	17;ふっふっふ、勿論でございます
	17;でもその前に
@196
	11;-1
@200
	14;1;0
	8;0
	28;460.0f;180.0f
	19;18
	29;1
	17;地獄の流儀に従って頂きます！
@204
	11;-1
	54
	4;0
	5;0
	6
	10;0
@234
	52
	0
@0
	0
entry 16 (255, 17, 0, 1)
@0
	10;0
	1;0
	2;0
	44;160.0f;220.0f
	45;460.0f;180.0f
	46;5;0
	47;10;0
@4
	47;10;0
	43;0
@34
	10;1
	29;0
	17;それでは案内いたしましょう
@38
	11;-1
@42
	46;4;0
	42;0
	17;地獄もやっぱり乱暴なんだなぁ
@46
	11;-1
@50
	47;15;0
	43;0
	17;悪く思わないでください
	17;これも残無様の指示ですから
@54
	11;-1
@58
	46;6;0
	42;0
	17;あ、そうなの
@62
	11;-1
@66
	47;11;0
	43;0
	17;それでは指示通り案内いたします
@70
	11;-1
@74
	47;15;0
	43;0
	17;フッフッフ
	17;ゆっくり地獄を楽しんでくださいね
@78
	11;-1
@82
	46;4;0
	42;0
	17;？？
@86
	11;-1
	4;0
	5;0
	6
	10;0
@116
	0
@0
	0
entry 17 (255, 17, 0, 2)
@0
	10;0
	1;0
	2;0
	44;160.0f;220.0f
	45;460.0f;180.0f
	46;5;0
	47;18;0
@4
	46;1;0
	42;0
@34
	10;1
	29;0
	17;それでは案内いたしましょう
	17;地獄の果てまでも……
@38
	11;-1
	4;0
	5;0
	6
	10;0
@68
	0
@0
	0
entry 18 (255, 13, 0, 0)
@0
	10;0
	44;160.0f;220.0f
	45;460.0f;220.0f
	19;23
	1;0
	29;0
@4
	13;6;0
	7;0
	28;160.0f;220.0f
	17;あー、なんか緊張してきた
@8
	11;-1
@12
	13;6;0
	7;0
	28;160.0f;220.0f
	17;地獄の饐えた空気がそうさせてるのかな
@16
	11;-1
	4;0
	10;0
	55
	18
	18
@116
	10;0
	28;160.0f;180.0f
	17;誰だ？
@136
	10;1
@140
	11;-1
	1;0
	2;0
	12
	13;7;0
@144
	14;0;0
	8;0
	28;460.0f;220.0f
	17;三頭慧ノ子とかいう
	17;残無んとこの山犬か、何で私の所に？
@148
	11;-1
@152
	13;7;0
	7;0
	28;160.0f;220.0f
	17;あ？
	17;だ、誰だ！？
@156
	11;-1
@160
	14;1;0
	8;0
	28;460.0f;220.0f
	20;0
	17;|5,10,いぶきすいか
	17;伊吹萃香、泣く子も黙る鬼だ
@164
	11;-1
@168
	14;5;0
	8;0
	28;460.0f;220.0f
	17;ははーん、さてはお前
	17;残無に捨てられたんだろ
@172
	11;-1
@176
	13;7;0
	7;0
	28;160.0f;220.0f
	17;え？
@180
	11;-1
@184
	14;5;0
	8;0
	28;460.0f;220.0f
	17;彼奴はそういう所があるからな
@188
	11;-1
@192
	14;6;0
	8;0
	28;460.0f;220.0f
	17;都合良く人を使い、捨てる
@196
	11;-1
@200
	14;3;0
	8;0
	28;460.0f;220.0f
	17;そんな感じで旧地獄も捨ててきた
@204
	11;-1
@208
	14;0;0
	8;0
	28;460.0f;220.0f
	17;それだからこそ、みんな慕ってるんだ
@212
	11;-1
@216
	14;2;0
	8;0
	28;460.0f;220.0f
	17;彼奴は鬼らしい鬼さ
@220
	11;-1
@224
	13;7;0
	7;0
	28;160.0f;220.0f
	17;……ぽかーん
@228
	11;-1
@232
	14;4;0
	8;0
	28;460.0f;220.0f
	17;口で、ぽかーん
	17;って言う奴初めて見たよ
@236
	11;-1
@240
	14;6;0
	8;0
	28;460.0f;220.0f
	19;19
	17;どうだ？　腹が立っているか？
	17;それとも嘆いているか？
@244
	11;-1
@248
	13;0;0
	7;0
	28;160.0f;220.0f
	17;いや、どちらかというと肩の荷が下りたような
@252
	11;-1
@256
	13;0;0
	7;0
	28;160.0f;220.0f
	17;清々しい気分です
@260
	11;-1
@264
	14;2;0
	8;0
	28;460.0f;220.0f
	17;おまえ、覚えてないだろうが
	17;残無の肉を喰らったことがあるんだ
@268
	11;-1
@272
	14;2;0
	8;0
	28;460.0f;220.0f
	17;その所為でずっと呪われてたんだよ
	17;数百年も
@276
	11;-1
@280
	14;2;0
	8;0
	28;460.0f;220.0f
	17;やっと憑き物が取れたのかもな
@284
	11;-1
@288
	14;1;0
	8;0
	28;460.0f;220.0f
	17;ま、地獄を楽しんでいこうぜ
	17;どうせ自力では出られないんだ
@292
	11;-1
	54
	4;0
	5;0
	6
	10;0
@322
	52
	0
@0
	0
entry 19 (255, 13, 0, 1)
@0
	10;0
@120
	10;0
@180
	21
@300
	22
	0
@0
	0
entry 20 (255, 13, 0, 2)
@0
	10;0
	1;0
	2;0
	44;160.0f;220.0f
	45;460.0f;220.0f
	46;5;0
	47;18;0
@4
	46;5;0
	42;0
@34
	10;1
	29;0
	17;地獄を楽しんでいる様だな
@38
	11;-1
	4;0
	5;0
	6
	10;0
@68
	0
@0
	0
