header(0, 939528192, 805306400, 1006633472, 402653312, 469893120, 872423424, 0, 0, 0, 0, 0, 0, 0, 0, 0, 0, 0, 0, 0)
entry 0 (16, 19, 0, 0)
@0
	10;0
	1;0
	2;0
	44;160.0f;220.0f
	45;460.0f;220.0f
	46;1;0
	47;18;0
@4
	46;1;0
	42;0
@34
	10;1
	29;0
	17;やるぞー
@38
	11;-1
@42
	47;1;0
	43;0
	17;やるぞー
@46
	11;-1
	4;0
	5;0
	6
	10;0
@76
	52
	0
@0
	0
entry 1 (16, 19, 0, 1)
@0
	10;0
	1;0
	2;0
	44;160.0f;220.0f
	45;460.0f;220.0f
	46;1;0
	47;18;0
@4
	46;1;0
	42;0
@34
	10;1
	29;0
	17;|136,16,おこ
	17;私に勝とうなんて烏滸がましいわ！
@38
	11;-1
	4;0
	5;0
	6
	10;0
@68
	0
@0
	0
entry 2 (16, 19, 0, 2)
@0
	10;0
	1;0
	2;0
	44;160.0f;220.0f
	45;460.0f;220.0f
	46;5;0
	47;18;0
@4
	47;18;0
	43;0
@34
	10;1
	29;0
	17;くやしー
@38
	11;-1
	4;0
	5;0
	6
	10;0
@68
	0
@0
	0
entry 3 (255, 12, 0, 0)
@0
	10;0
	44;160.0f;220.0f
	45;450.0f;300.0f
	19;22
	1;0
	29;0
@4
	13;0;0
	7;0
	28;160.0f;220.0f
	17;あー、めんどくさ
@8
	11;-1
@12
	13;4;0
	7;0
	28;160.0f;220.0f
	17;秘密ごとを持つって
	17;本当にうざいわー
@16
	11;-1
	4;0
	10;0
	55
	18
	18
@116
	10;0
	28;160.0f;180.0f
	17;おーい、ちやりー
@136
	10;1
@140
	11;-1
	1;0
	2;0
	12
	13;6;0
@144
	14;0;0
	8;0
	28;450.0f;300.0f
	20;0
	17;起きてるかー
@148
	11;-1
@152
	13;6;0
	7;0
	28;160.0f;220.0f
	17;はーい
	17;なんすか、こんな時間に
@156
	11;-1
@160
	14;6;0
	8;0
	28;450.0f;300.0f
	17;こんな時間て、今何時だと思ってる
@164
	11;-1
@168
	13;6;0
	7;0
	28;160.0f;220.0f
	17;何時なんすか？
@172
	11;-1
@176
	14;5;0
	8;0
	28;450.0f;300.0f
	17;そんなもんここで判るもんか
@180
	11;-1
@184
	13;2;0
	7;0
	28;160.0f;220.0f
	17;ですよねー
@188
	11;-1
@192
	14;1;0
	8;0
	28;450.0f;300.0f
	17;ただ、もう本番だ
	17;気合いを入れろ！
@196
	11;-1
	19;1
	54
	4;0
	5;0
	6
	10;0
@226
	52
	0
@0
	0
entry 4 (255, 12, 0, 1)
@0
	10;0
	1;0
	2;0
	44;160.0f;220.0f
	45;450.0f;300.0f
	46;5;0
	47;18;0
@4
	46;4;0
	42;0
@34
	10;1
	29;0
	17;なんすか、決戦っすか
@38
	11;-1
@42
	47;10;0
	43;0
	17;ま、そんな感じだ
	17;お前んとこにも敵が来るかもしれん
@46
	11;-1
@50
	47;15;0
	43;0
	17;準備しておけ
@54
	11;-1
	18
	51;0
@84
	10;1
@88
	46;0;0
	42;0
	17;そっかー、決戦っすかー
@92
	11;-1
@96
	46;6;0
	42;0
	17;面倒くさいけど、約束だからねぇ
@100
	11;-1
	4;0
	5;0
	6
	10;0
@130
	0
@0
	0
entry 5 (255, 12, 0, 2)
@0
	10;0
	1;0
	2;0
	44;160.0f;220.0f
	45;450.0f;300.0f
	46;5;0
	47;18;0
@4
	46;6;0
	42;0
@34
	10;1
	29;0
	17;おい、どうした？
	17;食べ過ぎたか？
@38
	11;-1
	4;0
	5;0
	6
	10;0
@68
	0
@0
	0
entry 6 (255, 5, 0, 0)
@0
	10;0
	44;160.0f;220.0f
	45;460.0f;220.0f
	19;22
	1;0
	29;0
@4
	13;6;0
	7;0
	28;160.0f;220.0f
	17;外の光は眩しすぎて
	17;自分には必要ないなー
@8
	11;-1
@12
	13;0;0
	7;0
	28;160.0f;220.0f
	17;でも時が来たんだから
	17;行かなきゃねぇ
@16
	11;-1
	4;0
	10;0
	55
	18
	18
@116
	10;0
	28;160.0f;180.0f
	17;あー
@136
	10;1
@140
	11;-1
	1;0
	2;0
	12
	13;7;0
@144
	14;7;0
	8;0
	28;460.0f;220.0f
	20;0
	17;今話題のチュパカブラだー
@148
	11;-1
@152
	14;5;0
	8;0
	28;460.0f;220.0f
	17;血を吸われるぞー
	17;逃げろー
@156
	11;-1
@160
	13;3;0
	7;0
	28;160.0f;220.0f
	17;誰がチュパカブラだ！
	17;|36,9,テンカジン
	17;私は天火人だ
@164
	11;-1
@168
	14;6;0
	8;0
	28;460.0f;220.0f
	17;天火人……
	17;えーっと？
@172
	11;-1
@176
	13;1;0
	7;0
	28;160.0f;220.0f
	17;血を吸う妖怪だ
	17;覚えておけ！
@180
	11;-1
@184
	14;4;0
	8;0
	28;460.0f;220.0f
	17;え、えーっと、テンカジンだー
	17;血を吸われるぞー　逃げろー
@188
	11;-1
	19;1
	54
	4;0
	5;0
	6
	10;0
@218
	52
	0
@0
	0
entry 7 (255, 5, 0, 1)
@0
	10;0
	1;0
	2;0
	44;160.0f;220.0f
	45;460.0f;220.0f
	46;5;0
	47;18;0
@4
	46;0;0
	42;0
@34
	10;1
	29;0
	17;チュパカブラ、って何なんだ？
@38
	11;-1
@42
	47;0;0
	43;0
	17;人間に大人気の
	17;血を吸う妖怪らしいよ
@46
	11;-1
@50
	46;4;0
	42;0
	17;大人気の血を吸う妖怪？
	17;そりゃ、私の事だなぁ……
@54
	11;-1
	4;0
	5;0
	6
	10;0
@84
	0
@0
	0
entry 8 (255, 5, 0, 2)
@0
	10;0
	1;0
	2;0
	44;160.0f;220.0f
	45;460.0f;220.0f
	46;5;0
	47;18;0
@4
	46;7;0
	42;0
@34
	10;1
	29;0
	17;血を吸われるぞー
	17;逃げろー
@38
	11;-1
	4;0
	5;0
	6
	10;0
@68
	0
@0
	0
entry 9 (255, 9, 0, 0)
@0
	10;0
	44;160.0f;220.0f
	45;460.0f;220.0f
	19;22
	1;0
	29;0
@4
	13;4;0
	7;0
	28;160.0f;220.0f
	17;旧血の池地獄から殆ど出てなかったらなあ
@8
	11;-1
@12
	13;0;0
	7;0
	28;160.0f;220.0f
	17;新地獄ってどうやっていくんだ？
@16
	11;-1
@20
	13;6;0
	7;0
	28;160.0f;220.0f
	17;しかし、何で自分は移送の罠で
	17;飛ばしてくれないんだろ……
@24
	11;-1
	4;0
	10;0
	55
	18
	18
@124
	10;0
	28;160.0f;180.0f
	17;おー、また会ったな
@144
	10;1
@148
	11;-1
	1;0
	2;0
	12
	13;7;0
@152
	14;5;0
	8;0
	28;460.0f;220.0f
	20;0
	17;チュパカブラ君
@156
	11;-1
@160
	13;7;0
	7;0
	28;160.0f;220.0f
	17;あ、何時ぞやの人材派遣の奴！
@164
	11;-1
@168
	13;3;0
	7;0
	28;160.0f;220.0f
	17;お前の仕業だろ？　みんな私のことを
	17;チュパカブラって呼ぶようになってるの
@172
	11;-1
@176
	14;7;0
	8;0
	28;460.0f;220.0f
	17;良かったのう
	17;愛嬌が出て
@180
	11;-1
@184
	14;6;0
	8;0
	28;460.0f;220.0f
	19;10
	17;それよりお前、この前は
	17;移送の罠に掛けやがって
@188
	11;-1
@192
	14;3;0
	8;0
	28;460.0f;220.0f
	17;あのあと大変だったんだぞ！
@196
	11;-1
@200
	13;2;0
	7;0
	28;160.0f;220.0f
	17;あはは、いい気味だ
@204
	11;-1
@208
	13;1;0
	7;0
	28;160.0f;220.0f
	17;人に変なあだ名付けるような奴は
	17;地獄に堕ちて当然だよ！
@212
	11;-1
	54
	4;0
	5;0
	6
	10;0
@242
	52
	0
@0
	0
entry 10 (255, 9, 0, 1)
@0
	10;0
	1;0
	2;0
	44;160.0f;220.0f
	45;460.0f;220.0f
	46;5;0
	47;18;0
@4
	46;2;0
	42;0
@34
	10;1
	29;0
	17;はー、すっきり
@38
	11;-1
@42
	47;18;0
	43;0
	17;いやあ見た目以上に強いのう
	17;ますます、チュパカブラの名を冠するに相応しい
@46
	11;-1
@50
	46;7;0
	42;0
	17;あ、チュパカブラってそんな高等な名なの？
@54
	11;-1
@58
	47;15;0
	43;0
	17;ああ、伝説級じゃぞ
@62
	11;-1
@66
	46;4;0
	42;0
	17;じゃあ、まあいっか
@70
	11;-1
@74
	47;10;0
	43;0
	17;ところで、これから彼奴の所へ行くんだろ？
@78
	11;-1
@82
	46;6;0
	42;0
	17;彼奴って……
@86
	11;-1
@90
	47;15;0
	43;0
	17;残無だよ
	17;お前が残無の手下である事ぐらい察しがついとるわ
@94
	11;-1
	4;0
	5;0
	6
	10;0
@124
	0
@0
	0
entry 11 (255, 9, 0, 2)
@0
	10;0
	1;0
	2;0
	44;160.0f;220.0f
	45;460.0f;220.0f
	46;5;0
	47;18;0
@4
	47;18;0
	43;0
@34
	10;1
	29;0
	17;参った参った
	17;降参だ！
@38
	11;-1
	4;0
	5;0
	6
	10;0
@68
	0
@0
	0
entry 12 (255, 7, 0, 0)
@0
	10;0
	44;160.0f;220.0f
	45;460.0f;220.0f
	19;22
	1;0
	29;0
@4
	13;4;0
	7;0
	28;160.0f;220.0f
	17;そっかそっか
	17;新地獄に行くには正規ルートを通れば良いのか
@8
	11;-1
@12
	13;6;0
	7;0
	28;160.0f;220.0f
	17;地獄の正規ルートは、
	17;賽の河原、三途の河、彼岸を通って……
@16
	11;-1
@20
	13;3;0
	7;0
	28;160.0f;220.0f
	17;うわ、遠っ！
@24
	11;-1
	4;0
	10;0
	55
	18
	18
@124
	10;0
	28;160.0f;180.0f
	17;あれ？
@144
	10;1
@148
	11;-1
	1;0
	2;0
	12
	13;7;0
@152
	14;5;0
	8;0
	28;460.0f;220.0f
	20;0
	17;ちやりちゃん？
@156
	11;-1
@160
	14;0;0
	8;0
	28;460.0f;220.0f
	17;引き籠もり卒業したの？
	17;でもなんでこんな場所に
@164
	11;-1
@168
	13;6;0
	7;0
	28;160.0f;220.0f
	17;あ、お燐ちゃん……
@172
	11;-1
@176
	13;6;0
	7;0
	28;160.0f;220.0f
	17;面倒な場所で見られちゃったな
@180
	11;-1
@184
	13;3;0
	7;0
	28;160.0f;220.0f
	17;いつものように口を封じる！
	17;末代まで恨め！
@188
	11;-1
@192
	14;2;0
	8;0
	28;460.0f;220.0f
	19;8
	17;やったあ、やる気満々スタイルの
	17;ちやりちゃんだー
@196
	11;-1
@200
	14;1;0
	8;0
	28;460.0f;220.0f
	17;死ねい！
	17;死んで積み荷の嵩を増せ！
@204
	11;-1
	54
	4;0
	5;0
	6
	10;0
@234
	52
	0
@0
	0
entry 13 (255, 7, 0, 1)
@0
	10;0
	1;0
	2;0
	44;160.0f;220.0f
	45;460.0f;220.0f
	46;5;0
	47;18;0
@4
	46;2;0
	42;0
@34
	10;1
	29;0
	17;ふー、さっぱり
@38
	11;-1
@42
	47;10;0
	43;0
	17;そっか、あんたは饕餮の仲間の振りをした
	17;残無の手先だったんだよね
@46
	11;-1
@50
	47;10;0
	43;0
	17;今から残無の所に行くの？
@54
	11;-1
@58
	46;2;0
	42;0
	17;そういう約束だったのさ
@62
	11;-1
@66
	46;6;0
	42;0
	17;誰にも見つからないように
	17;行く予定だったんだけど
@70
	11;-1
@74
	47;12;0
	43;0
	17;だいじょーぶだいじょーぶ
	17;誰にも言わないよ
@78
	11;-1
@82
	47;15;0
	43;0
	17;ちなみに新地獄に行くなら
	17;案内は必須だよ
@86
	11;-1
@90
	46;2;0
	42;0
	17;やってくれるの？
@94
	11;-1
@98
	47;10;0
	43;0
	17;いや私にも案内は無理だけど……
	17;専門の案内ガールがいるから大丈夫
@102
	11;-1
	4;0
	5;0
	6
	10;0
@132
	0
@0
	0
entry 14 (255, 7, 0, 2)
@0
	10;0
	1;0
	2;0
	44;160.0f;220.0f
	45;460.0f;220.0f
	46;5;0
	47;18;0
@4
	46;6;0
	42;0
@34
	10;1
	29;0
	17;そっか、あんたは饕餮の仲間の振りをした
	17;残無の手先だったんだよね
@38
	11;-1
	4;0
	5;0
	6
	10;0
@68
	0
@0
	0
entry 15 (255, 17, 0, 0)
@0
	10;0
	44;160.0f;220.0f
	45;460.0f;180.0f
	19;23
	1;0
	29;0
@4
	13;0;0
	7;0
	28;160.0f;220.0f
	17;おーい、案内ガールー
@8
	11;-1
@12
	13;2;0
	7;0
	28;160.0f;220.0f
	17;私を案内しろー
@16
	11;-1
	4;0
	10;0
	55
	18
@116
	10;0
	28;160.0f;180.0f
	17;地獄へようこそ
@136
	10;1
@140
	11;-1
	1;0
	2;0
	12
	13;7;0
@144
	14;0;0
	8;0
	28;460.0f;180.0f
	17;天火人ちやり様ですね
	17;残無様より話は伺っております
@148
	11;-1
@152
	13;7;0
	7;0
	28;160.0f;220.0f
	17;あ、案内ガールって
	17;ヨモツシコメの事だったか
@156
	11;-1
@160
	14;0;0
	8;0
	28;460.0f;180.0f
	20;0
	17;ええ、その通りでございます
@164
	11;-1
@168
	14;5;0
	8;0
	28;460.0f;180.0f
	17;地獄はいつでも誰でもウェルカムですが
	17;私が案内しないと、望んだところには行けませんので
@172
	11;-1
@176
	13;0;0
	7;0
	28;160.0f;220.0f
	17;そういえばそうだったな
	17;じゃあ案内してよ、残無様の元に
@180
	11;-1
@184
	14;0;0
	8;0
	28;460.0f;180.0f
	17;ふっふっふ、勿論でございます
	17;でもその前に
@188
	11;-1
@192
	14;1;0
	8;0
	28;460.0f;180.0f
	19;18
	29;1
	17;地獄の流儀に従って頂きます！
@196
	11;-1
	54
	4;0
	5;0
	6
	10;0
@226
	52
	0
@0
	0
entry 16 (255, 17, 0, 1)
@0
	10;0
	1;0
	2;0
	44;160.0f;220.0f
	45;460.0f;180.0f
	46;5;0
	47;10;0
@4
	47;10;0
	43;0
@34
	10;1
	29;0
	17;それでは案内いたしましょう
@38
	11;-1
@42
	46;4;0
	42;0
	17;案内されるのに
	17;戦う意味あったのかなぁ
@46
	11;-1
@50
	47;15;0
	43;0
	17;悪く思わないでください
	17;これも残無様の指示ですから
@54
	11;-1
@58
	46;6;0
	42;0
	17;あ、そうなの
@62
	11;-1
@66
	47;11;0
	43;0
	17;それでは指示通り案内いたします
@70
	11;-1
@74
	47;15;0
	43;0
	17;フッフッフ
	17;ゆっくり地獄を楽しんでくださいね
@78
	11;-1
@82
	46;4;0
	42;0
	17;？？
@86
	11;-1
	4;0
	5;0
	6
	10;0
@116
	0
@0
	0
entry 17 (255, 17, 0, 2)
@0
	10;0
	1;0
	2;0
	44;160.0f;220.0f
	45;460.0f;180.0f
	46;5;0
	47;18;0
@4
	46;1;0
	42;0
@34
	10;1
	29;0
	17;それでは案内いたしましょう
	17;地獄の果てまでも……
@38
	11;-1
	4;0
	5;0
	6
	10;0
@68
	0
@0
	0
entry 18 (255, 13, 0, 0)
@0
	10;0
	44;160.0f;220.0f
	45;460.0f;220.0f
	19;23
	1;0
	29;0
@4
	13;0;0
	7;0
	28;160.0f;220.0f
	17;久々の長旅だった
@8
	11;-1
@12
	13;6;0
	7;0
	28;160.0f;220.0f
	17;思えば旧地獄が捨てられてから
	17;ずっと旧血の池地獄を出ていなかったからなー
@16
	11;-1
@20
	13;2;0
	7;0
	28;160.0f;220.0f
	17;なんか清々しい気分だ
@24
	11;-1
	4;0
	10;0
	55
	18
	18
@124
	10;0
	28;160.0f;180.0f
	17;あー誰だ？
@144
	10;1
@148
	11;-1
	1;0
	2;0
	12
	13;7;0
@152
	14;0;0
	8;0
	28;460.0f;220.0f
	17;天火人ちやりとかいう
	17;チュパカブラか、何で私の所に？
@156
	11;-1
@160
	13;7;0
	7;0
	28;160.0f;220.0f
	17;あ？
	17;|85,10,いぶきすいか
	17;お、お前は伊吹萃香！？
@164
	11;-1
@168
	14;1;0
	8;0
	28;460.0f;220.0f
	20;0
	17;残無じゃなくて驚いているな？
@172
	11;-1
@176
	14;5;0
	8;0
	28;460.0f;220.0f
	17;きっとお前
	17;残無に捨てられたんだよ
@180
	11;-1
@184
	13;7;0
	7;0
	28;160.0f;220.0f
	17;え？
@188
	11;-1
@192
	14;5;0
	8;0
	28;460.0f;220.0f
	17;彼奴はそういう所があるからな
@196
	11;-1
@200
	14;6;0
	8;0
	28;460.0f;220.0f
	17;都合良く人を使い、捨てる
@204
	11;-1
@208
	14;3;0
	8;0
	28;460.0f;220.0f
	17;そんな感じで旧地獄も捨ててきた
@212
	11;-1
@216
	14;0;0
	8;0
	28;460.0f;220.0f
	17;それだからこそ、みんな慕ってるんだ
@220
	11;-1
@224
	14;2;0
	8;0
	28;460.0f;220.0f
	17;彼奴は鬼らしい鬼さ
@228
	11;-1
@232
	13;7;0
	7;0
	28;160.0f;220.0f
	17;……
@236
	11;-1
@240
	14;6;0
	8;0
	28;460.0f;220.0f
	19;19
	17;どうだ？　腹が立っているか？
	17;それとも嘆いているか？
@244
	11;-1
@248
	13;0;0
	7;0
	28;160.0f;220.0f
	17;あっはっは、そうだよな
	17;残無は昔からそういう奴だったな
@252
	11;-1
@256
	13;0;0
	7;0
	28;160.0f;220.0f
	17;旧地獄に残った奴はずっと
	17;残無に怨みを持っていたんだ
@260
	11;-1
@264
	13;0;0
	7;0
	28;160.0f;220.0f
	17;怨みこそ糧になる私にとって
	17;残無に近づくのは楽しみだったんだけど
@268
	11;-1
@272
	13;2;0
	7;0
	28;160.0f;220.0f
	17;ふっふっふ
	17;肩透かしを食らわされたようねぇ
@276
	11;-1
@280
	14;2;0
	8;0
	28;460.0f;220.0f
	17;鬼とは人を裏切るものさ
@284
	11;-1
@288
	14;1;0
	8;0
	28;460.0f;220.0f
	17;ま、地獄を楽しんでいこうぜ
	17;どうせ自力では出られないんだ
@292
	11;-1
	54
	4;0
	5;0
	6
	10;0
@322
	52
	0
@0
	0
entry 19 (255, 13, 0, 1)
@0
	10;0
@120
	10;0
@180
	21
@300
	22
	0
@0
	0
entry 20 (255, 13, 0, 2)
@0
	10;0
	1;0
	2;0
	44;160.0f;220.0f
	45;460.0f;220.0f
	46;5;0
	47;18;0
@4
	46;5;0
	42;0
@34
	10;1
	29;0
	17;地獄を楽しんでいる様だな
@38
	11;-1
	4;0
	5;0
	6
	10;0
@68
	0
@0
	0
