header(0, 0, 0, 0, 0, 0, 0, 0, 0, 0, 0, 0, 0, 0, 0, 0, 0, 0, 0, 0)
entry 0 (16, 19, 0, 0)
@0
	10;0
	1;0
	2;0
	44;180.0f;180.0f
	45;460.0f;180.0f
	46;1;0
	47;18;0
@4
	46;1;0
	42;0
@34
	10;1
	29;0
	17;かった！
@38
	11;-1
	4;0
	5;0
	6
	10;0
@68
	0
@0
	0
entry 1 (100, 0, 0, 0)
@0
	10;0
	1;0
	2;0
	44;180.0f;180.0f
	45;460.0f;180.0f
	46;6;0
	47;18;0
@4
	46;2;0
	42;0
@34
	10;1
	29;0
	17;貴方ならいつでもウエルカムでございます
@38
	11;-1
	4;0
	5;0
	6
	10;0
@68
	0
@0
	0
entry 2 (50, 1, 0, 0)
@0
	10;0
	1;0
	2;0
	44;180.0f;180.0f
	45;460.0f;180.0f
	46;0;0
	47;18;0
@4
	46;5;0
	42;0
@34
	10;1
	29;0
	17;余り生きている間に魔法に身を委ねますと……
	17;死後の選択肢は狭まりますよ
@38
	11;-1
	4;0
	5;0
	6
	10;0
@68
	0
@0
	0
entry 3 (100, 2, 0, 0)
@0
	10;0
	1;0
	2;0
	44;180.0f;180.0f
	45;460.0f;180.0f
	46;0;0
	47;18;0
@4
	46;4;0
	42;0
@34
	10;1
	29;0
	17;地獄は嫌ですか？
	17;でしたら、私に負けているようでは……
@38
	11;-1
	4;0
	5;0
	6
	10;0
@68
	0
@0
	0
entry 4 (100, 3, 0, 0)
@0
	10;0
	1;0
	2;0
	44;180.0f;180.0f
	45;460.0f;180.0f
	46;0;0
	47;18;0
@4
	46;0;0
	42;0
@34
	10;1
	29;0
	17;畜生は地獄に堕ちないと思ってます？
	17;そんなことはないですよ
@38
	11;-1
	4;0
	5;0
	6
	10;0
@68
	0
@0
	0
entry 5 (100, 4, 0, 0)
@0
	10;0
	1;0
	2;0
	44;180.0f;180.0f
	45;460.0f;180.0f
	46;0;0
	47;18;0
@4
	46;6;0
	42;0
@34
	10;1
	29;0
	17;貴方は神の犬です
	17;地獄にお連れするのは難しい……
@38
	11;-1
	4;0
	5;0
	6
	10;0
@68
	0
@0
	0
entry 6 (100, 5, 0, 0)
@0
	10;0
	1;0
	2;0
	44;180.0f;180.0f
	45;460.0f;180.0f
	46;0;0
	47;18;0
@4
	46;5;0
	42;0
@34
	10;1
	29;0
	17;勿論、ウエルカムですよ
	17;存分に地獄で宝探しを楽しんでください
@38
	11;-1
	4;0
	5;0
	6
	10;0
@68
	0
@0
	0
entry 7 (100, 6, 0, 0)
@0
	10;0
	1;0
	2;0
	44;180.0f;180.0f
	45;460.0f;180.0f
	46;0;0
	47;18;0
@4
	46;5;0
	42;0
@34
	10;1
	29;0
	17;わざわざ穢れを浴びに？
	17;それは感心な月の民だ、いや元、月の民、かな
@38
	11;-1
	4;0
	5;0
	6
	10;0
@68
	0
@0
	0
entry 8 (100, 7, 0, 0)
@0
	10;0
	1;0
	2;0
	44;180.0f;180.0f
	45;460.0f;180.0f
	46;0;0
	47;18;0
@4
	46;3;0
	42;0
@34
	10;1
	29;0
	17;おい、地獄の死体は勝手に持っていくな
	17;あれは計算されたディスプレイですよ
@38
	11;-1
	4;0
	5;0
	6
	10;0
@68
	0
@0
	0
entry 9 (100, 8, 0, 0)
@0
	10;0
	1;0
	2;0
	44;180.0f;180.0f
	45;460.0f;180.0f
	46;0;0
	47;18;0
@4
	46;1;0
	42;0
@34
	10;1
	29;0
	17;ふっふっふ、いつでもお待ちしておりますよ
	17;呪われた存在の管狐さん
@38
	11;-1
	4;0
	5;0
	6
	10;0
@68
	0
@0
	0
entry 10 (100, 9, 0, 0)
@0
	10;0
	1;0
	2;0
	44;180.0f;180.0f
	45;460.0f;180.0f
	46;0;0
	47;18;0
@4
	46;4;0
	42;0
@34
	10;1
	29;0
	17;肝試し気分で地獄に来られても
	17;困るんですけどね
@38
	11;-1
	4;0
	5;0
	6
	10;0
@68
	0
@0
	0
entry 11 (100, 10, 0, 0)
@0
	10;0
	1;0
	2;0
	44;180.0f;180.0f
	45;460.0f;180.0f
	46;0;0
	47;18;0
@4
	46;0;0
	42;0
@34
	10;1
	29;0
	17;これはこれは畜生界の幹部どの
	17;やっぱり地獄に堕ちましたか？
@38
	11;-1
	4;0
	5;0
	6
	10;0
@68
	0
@0
	0
entry 12 (100, 11, 0, 0)
@0
	10;0
	1;0
	2;0
	44;180.0f;180.0f
	45;460.0f;180.0f
	46;0;0
	47;18;0
@4
	46;0;0
	42;0
@34
	10;1
	29;0
	17;これはこれは畜生界の幹部どの
	17;帰り道を忘れました？
@38
	11;-1
	4;0
	5;0
	6
	10;0
@68
	0
@0
	0
entry 13 (100, 12, 0, 0)
@0
	10;0
	1;0
	2;0
	44;180.0f;180.0f
	45;460.0f;180.0f
	46;0;0
	47;18;0
@4
	46;0;0
	42;0
@34
	10;1
	29;0
	17;これはこれは畜生界の幹部どの
	17;もう旧地獄に飽きましたか？
@38
	11;-1
	4;0
	5;0
	6
	10;0
@68
	0
@0
	0
entry 14 (100, 13, 0, 0)
@0
	10;0
	1;0
	2;0
	44;180.0f;180.0f
	45;460.0f;180.0f
	46;0;0
	47;18;0
@4
	46;8;0
	42;0
@34
	10;1
	29;0
	17;萃香様……どうやったら残無様が
	17;振り向いてくれると思います？
@38
	11;-1
	4;0
	5;0
	6
	10;0
@68
	0
@0
	0
entry 15 (100, 14, 0, 0)
@0
	10;0
	1;0
	2;0
	44;180.0f;180.0f
	45;460.0f;180.0f
	46;0;0
	47;18;0
@4
	46;0;0
	42;0
@34
	10;1
	29;0
	17;まだまだ貴方は赤子同然です
	17;地獄に堕ちるのはまだ早い
@38
	11;-1
	4;0
	5;0
	6
	10;0
@68
	0
@0
	0
entry 16 (100, 15, 0, 0)
@0
	10;0
	1;0
	2;0
	44;180.0f;180.0f
	45;460.0f;180.0f
	46;0;0
	47;18;0
@4
	46;2;0
	42;0
@34
	10;1
	29;0
	17;その三本尻尾に三つの牙……是非
	17;地獄の番犬として一緒に地獄を見張りましょう
@38
	11;-1
	4;0
	5;0
	6
	10;0
@68
	0
@0
	0
entry 17 (100, 16, 0, 0)
@0
	10;0
	1;0
	2;0
	44;180.0f;180.0f
	45;460.0f;180.0f
	46;0;0
	47;18;0
@4
	46;5;0
	42;0
@34
	10;1
	29;0
	17;旧地獄は順調に廃れていますか？
	17;最終的に無に帰すまでが、残無様の計画です
@38
	11;-1
	4;0
	5;0
	6
	10;0
@68
	0
@0
	0
entry 18 (100, 17, 0, 0)
@0
	10;0
	1;0
	2;0
	44;180.0f;180.0f
	45;460.0f;180.0f
	46;0;0
	47;10;0
@4
	46;0;0
	42;0
@34
	10;1
	29;0
	17;イタっ！　すみません
	17;前を見ていませんでした……
@38
	11;-1
	4;0
	5;0
	6
	10;0
@68
	0
@0
	0
entry 19 (50, 18, 0, 0)
@0
	10;0
	1;0
	2;0
	44;180.0f;180.0f
	45;460.0f;180.0f
	46;0;0
	47;18;0
@4
	46;2;0
	42;0
@34
	10;1
	29;0
	17;ああ、残無様……
	17;手加減する必要はないのですよ
@38
	11;-1
	4;0
	5;0
	6
	10;0
@68
	0
@0
	0
entry 20 (50, 18, 0, 0)
@0
	10;0
	1;0
	2;0
	44;180.0f;180.0f
	45;460.0f;180.0f
	46;0;0
	47;18;0
@4
	46;6;0
	42;0
@34
	10;1
	29;0
	17;調子悪いのですか？
	17;いつものようにメッタメタにして下さいませ
@38
	11;-1
	4;0
	5;0
	6
	10;0
@68
	0
@0
	0
