header(0, 67108865, 1073758208, 671121408, 805371904, 402661376, 872677376, 0, 0, 0, 0, 0, 0, 0, 0, 0, 0, 0, 0, 0)
entry 0 (16, 19, 0, 0)
@0
	10;0
	1;0
	2;0
	44;180.0f;180.0f
	45;460.0f;220.0f
	46;1;0
	47;18;0
@4
	46;1;0
	42;0
@34
	10;1
	29;0
	17;やるぞー
@38
	11;-1
@42
	47;1;0
	43;0
	17;やるぞー
@46
	11;-1
	4;0
	5;0
	6
	10;0
@76
	52
	0
@0
	0
entry 1 (16, 19, 0, 1)
@0
	10;0
	1;0
	2;0
	44;180.0f;180.0f
	45;460.0f;220.0f
	46;1;0
	47;18;0
@4
	46;1;0
	42;0
@34
	10;1
	29;0
	17;|136,16,おこ
	17;私に勝とうなんて烏滸がましいわ！
@38
	11;-1
	4;0
	5;0
	6
	10;0
@68
	0
@0
	0
entry 2 (16, 19, 0, 2)
@0
	10;0
	1;0
	2;0
	44;180.0f;180.0f
	45;460.0f;220.0f
	46;5;0
	47;18;0
@4
	47;18;0
	43;0
@34
	10;1
	29;0
	17;くやしー
@38
	11;-1
	4;0
	5;0
	6
	10;0
@68
	0
@0
	0
entry 3 (255, 0, 0, 0)
@0
	10;0
	44;180.0f;180.0f
	45;460.0f;220.0f
	19;22
	1;0
	29;0
@4
	13;5;0
	7;0
	28;180.0f;180.0f
	17;ふふふ。地上には地獄に堕ちるのを
	17;待つだけの者が大勢いるな
@8
	11;-1
	4;0
	10;0
	55
	18
	18
@108
	10;0
	28;160.0f;180.0f
	17;え？
@128
	10;1
@132
	11;-1
	1;0
	2;0
	12
	13;0;0
@136
	14;0;0
	8;0
	28;460.0f;220.0f
	20;0
	17;あんたは、地獄にいた！？
@140
	11;-1
@144
	13;0;0
	7;0
	28;180.0f;180.0f
	17;霊夢さんですね
	17;探しておりました
@148
	11;-1
@152
	14;4;0
	8;0
	28;460.0f;220.0f
	17;うわー、いやな予感しかしないわー
	17;逃げよっと
@156
	11;-1
@160
	13;1;0
	7;0
	28;180.0f;180.0f
	17;ふふふ
	17;私から逃げられるとお思いで？
@164
	11;-1
	19;1
	54
	4;0
	5;0
	6
	10;0
@194
	52
	0
@0
	0
entry 4 (255, 0, 0, 1)
@0
	10;0
	1;0
	2;0
	44;180.0f;180.0f
	45;460.0f;220.0f
	46;0;0
	47;14;0
@4
	47;14;0
	43;0
@34
	10;1
	29;0
	17;しょうがないなぁ
	17;何の用？
@38
	11;-1
@42
	46;0;0
	42;0
	17;残無様の招喚です
@46
	11;-1
@50
	47;14;0
	43;0
	17;何でそんなのに応じないといけないのよ
@54
	11;-1
@58
	46;0;0
	42;0
	17;ではもう一戦しますか
@62
	11;-1
@66
	47;18;0
	43;0
	17;ああもう……
@70
	11;-1
	4;0
	5;0
	6
	10;0
@100
	0
@0
	0
entry 5 (255, 0, 0, 2)
@0
	10;0
	1;0
	2;0
	44;180.0f;180.0f
	45;460.0f;220.0f
	46;6;0
	47;18;0
@4
	47;11;0
	43;0
@34
	10;1
	29;0
	17;別に悪い話じゃないわよー
@38
	11;-1
	4;0
	5;0
	6
	10;0
@68
	0
@0
	0
entry 6 (255, 14, 0, 0)
@0
	10;0
	44;180.0f;180.0f
	45;460.0f;220.0f
	19;22
	1;0
	29;0
@4
	13;6;0
	7;0
	28;180.0f;180.0f
	17;聖域とはこの辺かな
@8
	11;-1
@12
	13;4;0
	7;0
	28;180.0f;180.0f
	17;地上には私みたいな案内人は
	17;いないんですかねぇ
@16
	11;-1
	19;15
	4;0
	10;0
	55
	18
	18
@116
	10;0
	28;160.0f;180.0f
	17;お、お前は
@136
	10;1
@140
	11;-1
	1;0
	2;0
	12
	13;0;0
@144
	14;7;0
	8;0
	28;460.0f;220.0f
	20;0
	17;地獄の案内人！
	17;この前はよくも騙してくれたなー
@148
	11;-1
@152
	13;0;0
	7;0
	28;180.0f;180.0f
	17;誰を何処に案内するかは
	17;案内人である私の自由でしょう
@156
	11;-1
@160
	14;6;0
	8;0
	28;460.0f;220.0f
	17;後で残無様に
	17;何故来なかったのかと怒られたよ
@164
	11;-1
@168
	14;3;0
	8;0
	28;460.0f;220.0f
	17;お前が案内してくれなかったからだ！
@172
	11;-1
	54
	4;0
	5;0
	6
	10;0
@202
	52
	0
@0
	0
entry 7 (255, 14, 0, 1)
@0
	10;0
	1;0
	2;0
	44;180.0f;180.0f
	45;460.0f;220.0f
	46;5;0
	47;18;0
@4
	46;5;0
	42;0
@34
	10;1
	29;0
	17;貴様ごときが残無様に会おうなど
	17;１０年早いわ
@38
	11;-1
@42
	47;18;0
	43;0
	17;ック……
@46
	11;-1
@50
	47;10;0
	43;0
	17;で、何しに来たのよ
@54
	11;-1
@58
	46;6;0
	42;0
	17;今日は貴方に朗報を持ってきました
@62
	11;-1
@66
	46;0;0
	42;0
	17;貴方を残無様の元へ案内いたしましょう
@70
	11;-1
@74
	47;16;0
	43;0
	17;はあ、１０年早いって言ったり
	17;案内するって言ったり……
@78
	11;-1
@82
	47;10;0
	43;0
	17;地獄の奴って
	17;本当、自分勝手ね
@86
	11;-1
	4;0
	5;0
	6
	10;0
@116
	0
@0
	0
entry 8 (255, 14, 0, 2)
@0
	10;0
	1;0
	2;0
	44;180.0f;180.0f
	45;460.0f;220.0f
	46;5;0
	47;18;0
@4
	46;0;0
	42;0
@34
	10;1
	29;0
	17;はーすっきりした
@38
	11;-1
	4;0
	5;0
	6
	10;0
@68
	0
@0
	0
entry 9 (255, 15, 0, 0)
@0
	10;0
	44;180.0f;180.0f
	45;460.0f;220.0f
	19;22
	1;0
	29;0
@4
	13;7;0
	7;0
	28;180.0f;180.0f
	17;さてとお次は
@8
	11;-1
	19;16
	4;0
	10;0
	55
	18
	18
@108
	10;0
	28;160.0f;180.0f
	17;あー、お前は
@128
	10;1
@132
	11;-1
	1;0
	2;0
	12
	13;0;0
@136
	14;7;0
	8;0
	28;460.0f;220.0f
	20;0
	17;地獄の案内人！？
@140
	11;-1
@144
	14;7;0
	8;0
	28;460.0f;220.0f
	17;お前がまともに案内してくれなかったから
	17;酷い目に遭ったよ！
@148
	11;-1
@152
	13;5;0
	7;0
	28;180.0f;180.0f
	17;何がまともな案内なのかは
	17;人に依りましょう
@156
	11;-1
@160
	14;3;0
	8;0
	28;460.0f;220.0f
	17;うるさいわ
	17;案内人なら案内人らしく、こっちに合わせてよ！
@164
	11;-1
	54
	4;0
	5;0
	6
	10;0
@194
	52
	0
@0
	0
entry 10 (255, 15, 0, 1)
@0
	10;0
	1;0
	2;0
	44;180.0f;180.0f
	45;460.0f;220.0f
	46;5;0
	47;18;0
@4
	47;15;0
	43;0
	17;ま、もう良いんだけどね
	17;残無様のところに行かなくてもさ
@8
	11;-1
@12
	46;5;0
	42;0
	17;私の案内がお役に立てたようで
	17;良かったです
@16
	11;-1
@20
	47;10;0
	43;0
	17;で、何しに来たのよ
	17;地獄の案内人がわざわざ地上まで来て
@24
	11;-1
@28
	46;6;0
	42;0
	17;今日は貴方に朗報を持ってきました
@32
	11;-1
@36
	46;0;0
	42;0
	17;貴方を残無様の元へ案内いたしましょう
@40
	11;-1
@44
	47;17;0
	43;0
	17;はあ？
	17;おまえって奴は……
@48
	11;-1
@52
	47;14;0
	43;0
	17;いや、怒るのはやめておこう
	17;世の中は理不尽なもんだしねぇ
@56
	11;-1
	4;0
	5;0
	6
	10;0
@86
	0
@0
	0
entry 11 (255, 15, 0, 2)
@0
	10;0
	1;0
	2;0
	44;180.0f;180.0f
	45;460.0f;220.0f
	46;5;0
	47;18;0
@4
	46;5;0
	42;0
@34
	10;1
	29;0
	17;ま、もう良いんだけどね
@38
	11;-1
	4;0
	5;0
	6
	10;0
@68
	0
@0
	0
entry 12 (255, 16, 0, 0)
@0
	10;0
	44;180.0f;180.0f
	45;460.0f;220.0f
	19;22
	1;0
	29;0
@4
	13;0;0
	7;0
	28;180.0f;180.0f
	17;あの天火人は何故かチュパカブラって
	17;呼ばれているのね
@8
	11;-1
@12
	13;4;0
	7;0
	28;180.0f;180.0f
	17;なるほど、愛らしい名前を貰ったもんで
@16
	11;-1
	19;17
	4;0
	10;0
	55
	18
	18
@116
	10;0
	28;160.0f;180.0f
	17;あー、お前は
@136
	10;1
@140
	11;-1
	1;0
	2;0
	12
	13;7;0
@144
	14;5;0
	8;0
	28;460.0f;220.0f
	20;0
	17;ヨモツシコメ？
	17;間違って新地獄に着いちゃったか？
@148
	11;-1
@152
	13;0;0
	7;0
	28;180.0f;180.0f
	17;貴方を残無様の元へ案内しに来ました
@156
	11;-1
@160
	14;3;0
	8;0
	28;460.0f;220.0f
	17;はあ、何言ってるんだお前は
@164
	11;-1
@168
	14;3;0
	8;0
	28;460.0f;220.0f
	17;もうそんな話、誰が信じるんだよ
@172
	11;-1
@176
	14;4;0
	8;0
	28;460.0f;220.0f
	17;それにもう会いたいとは思わないし
@180
	11;-1
@184
	13;1;0
	7;0
	28;180.0f;180.0f
	17;ふ、私から逃げられるとお思いで？
@188
	11;-1
	54
	4;0
	5;0
	6
	10;0
@218
	52
	0
@0
	0
entry 13 (255, 16, 0, 1)
@0
	10;0
	1;0
	2;0
	44;180.0f;180.0f
	45;460.0f;220.0f
	46;5;0
	47;18;0
@4
	46;2;0
	42;0
@34
	10;1
	29;0
	17;私は決して逃がさないわよ
@38
	11;-1
@42
	47;14;0
	43;0
	17;判った判った
	17;残無んとこ行けば良いんだろ？
@46
	11;-1
@50
	46;6;0
	42;0
	17;そう、今度は遅れないようにね
@54
	11;-1
@58
	47;14;0
	43;0
	17;前のはお前が誤案内したんじゃねーか
@62
	11;-1
@66
	46;0;0
	42;0
	17;そうでしたっけ？
	17;ふふふ
@70
	11;-1
	4;0
	5;0
	6
	10;0
@100
	0
@0
	0
entry 14 (255, 16, 0, 2)
@0
	10;0
	1;0
	2;0
	44;180.0f;180.0f
	45;460.0f;220.0f
	46;2;0
	47;18;0
@4
	46;2;0
	42;0
@34
	10;1
	29;0
	17;ふーさっぱりした
@38
	11;-1
	4;0
	5;0
	6
	10;0
@68
	0
@0
	0
entry 15 (255, 13, 0, 0)
@0
	10;0
	44;180.0f;180.0f
	45;460.0f;220.0f
	19;23
	1;0
	29;0
@4
	13;6;0
	7;0
	28;180.0f;180.0f
	17;あー、残無様ったら何であんな奴らを？
@8
	11;-1
@12
	13;6;0
	7;0
	28;180.0f;180.0f
	17;まともに案内するのも癪だわ
@16
	11;-1
@20
	13;5;0
	7;0
	28;180.0f;180.0f
	17;もう一回、あの鬼の所に
	17;連れて行ってやろうかしら
@24
	11;-1
	19;14
	4;0
	10;0
	55
	18
	18
@124
	10;0
	28;160.0f;180.0f
	17;おいおいやめておけ
@144
	10;1
@148
	11;-1
	1;0
	2;0
	12
	13;7;0
@152
	14;5;0
	8;0
	28;460.0f;220.0f
	20;0
	17;もう一回約束破ったら
	17;いくら、残無でもキレると思うぞ
@156
	11;-1
@160
	14;4;0
	8;0
	28;460.0f;220.0f
	17;それに私も迷惑だ
@164
	11;-1
@168
	13;5;0
	7;0
	28;180.0f;180.0f
	17;おお、萃香様……
	17;いつからここに？
@172
	11;-1
@176
	14;4;0
	8;0
	28;460.0f;220.0f
	17;お前が自分勝手な真似をしていないか
	17;監視してんだよ
@180
	11;-1
@184
	14;3;0
	8;0
	28;460.0f;220.0f
	17;そしたら自分勝手てんこ盛りだったなぁ
	17;いい加減にしな！
@188
	11;-1
	54
	4;0
	5;0
	6
	10;0
@218
	52
	0
@0
	0
entry 16 (255, 13, 0, 1)
@0
	10;0
	1;0
	2;0
	44;180.0f;180.0f
	45;460.0f;220.0f
	46;5;0
	47;18;0
@4
	46;0;0
	42;0
@34
	10;1
	29;0
	17;自分勝手で何が悪いのです？
@38
	11;-1
@42
	47;10;0
	43;0
	17;まあ、別に悪くはないが
@46
	11;-1
@50
	47;14;0
	43;0
	17;怒られるだろうな
@54
	11;-1
@58
	46;0;0
	42;0
	17;はぁ
	17;怒られる……
@62
	11;-1
@66
	46;2;0
	42;0
	17;私も怒られたいですー
	17;残無さまー
@70
	11;-1
@74
	47;14;0
	43;0
	17;……やれやれだ
@78
	11;-1
	4;0
	5;0
	6
	10;0
@108
	0
@0
	0
entry 17 (255, 13, 0, 2)
@0
	10;0
	1;0
	2;0
	44;180.0f;180.0f
	45;460.0f;220.0f
	46;5;0
	47;18;0
@4
	46;3;0
	42;0
@34
	10;1
	29;0
	17;地獄は本当に自分勝手だな
@38
	11;-1
	4;0
	5;0
	6
	10;0
@68
	0
@0
	0
entry 18 (255, 18, 0, 0)
@0
	10;0
	44;180.0f;180.0f
	45;450.0f;200.0f
	19;23
	1;0
	29;0
@4
	13;6;0
	7;0
	28;180.0f;180.0f
	17;……はあはあ
@8
	11;-1
@12
	13;6;0
	7;0
	28;180.0f;180.0f
	17;約束通り、みんなを呼んで参りました
@16
	11;-1
	4;0
	10;0
	55
	18
	18
@116
	10;0
	28;160.0f;180.0f
	17;ご苦労じゃったな
@136
	10;1
@140
	11;-1
	1;0
	2;0
	12
	13;0;0
@144
	14;0;0
	8;0
	28;450.0f;200.0f
	20;0
	17;|8,16,ひさみ
	17;日狭美よ
	17;ゆっくり休んで良いぞ
@148
	11;-1
@152
	13;2;0
	7;0
	28;180.0f;180.0f
	17;はあはあ
@156
	11;-1
@160
	14;6;0
	8;0
	28;450.0f;200.0f
	17;……どうした？
	17;下がって良いぞ
@164
	11;-1
@168
	13;0;0
	7;0
	28;180.0f;180.0f
	17;あの、叱って貰えないのですか？
@172
	11;-1
@176
	14;0;0
	8;0
	28;450.0f;200.0f
	17;ああ？　叱る？
@180
	11;-1
@184
	13;0;0
	7;0
	28;180.0f;180.0f
	17;私は貴方の元を訪ねにきた手下達を
	17;別の鬼の元に案内しました
@188
	11;-1
@192
	13;2;0
	7;0
	28;180.0f;180.0f
	17;その節は申し訳ございませんでした
	17;なので、是非お叱りを……
@196
	11;-1
@200
	14;4;0
	8;0
	28;450.0f;200.0f
	19;19
	17;ふっ
@204
	11;-1
@208
	14;0;0
	8;0
	28;450.0f;200.0f
	17;お前はそれを自分が勝手に
	17;やった事だと思ってるのか？
@212
	11;-1
@216
	13;7;0
	7;0
	28;180.0f;180.0f
	17;へ？
@220
	11;-1
@224
	14;2;0
	8;0
	28;450.0f;200.0f
	17;お前が悪さする事ぐらい
	17;折り込み済みなんだよ
@228
	11;-1
@232
	14;5;0
	8;0
	28;450.0f;200.0f
	17;全て儂の掌の上だ
@236
	11;-1
@240
	13;2;0
	7;0
	28;180.0f;180.0f
	17;なっ、それは、本当にそう思います！
@244
	11;-1
@248
	14;4;0
	8;0
	28;450.0f;200.0f
	17;仕方が無いな
	17;褒美をくれてやる
@252
	11;-1
@256
	14;1;0
	8;0
	28;450.0f;200.0f
	29;1
	17;類い希なる地獄の褒美をな！
@260
	11;-1
	54
	4;0
	5;0
	6
	10;0
@290
	52
	0
@0
	0
entry 19 (255, 18, 0, 1)
@0
	10;0
@120
	10;0
@180
	21
@300
	22
	0
@0
	0
entry 20 (255, 18, 0, 2)
@0
	10;0
	1;0
	2;0
	44;180.0f;180.0f
	45;450.0f;200.0f
	46;5;0
	47;12;0
@4
	46;4;0
	42;0
@34
	10;1
	29;0
	17;うーんやりにくいな
@38
	11;-1
	4;0
	5;0
	6
	10;0
@68
	0
@0
	0
