header(0, 469893120, 671090688, 939528192, 536871936, 402661376, 872415233, 0, 0, 0, 0, 0, 0, 0, 0, 0, 0, 0, 0, 0)
entry 0 (16, 19, 0, 0)
@0
	10;0
	1;0
	2;0
	44;190.0f;200.0f
	45;460.0f;220.0f
	46;1;0
	47;18;0
@4
	46;1;0
	42;0
@34
	10;1
	29;0
	17;やるぞー
@38
	11;-1
@42
	47;1;0
	43;0
	17;やるぞー
@46
	11;-1
	4;0
	5;0
	6
	10;0
@76
	52
	0
@0
	0
entry 1 (16, 19, 0, 1)
@0
	10;0
	1;0
	2;0
	44;190.0f;200.0f
	45;460.0f;220.0f
	46;1;0
	47;18;0
@4
	46;1;0
	42;0
@34
	10;1
	29;0
	17;|136,16,おこ
	17;私に勝とうなんて烏滸がましいわ！
@38
	11;-1
	4;0
	5;0
	6
	10;0
@68
	0
@0
	0
entry 2 (16, 19, 0, 2)
@0
	10;0
	1;0
	2;0
	44;190.0f;200.0f
	45;460.0f;220.0f
	46;5;0
	47;18;0
@4
	47;18;0
	43;0
@34
	10;1
	29;0
	17;くやしー
@38
	11;-1
	4;0
	5;0
	6
	10;0
@68
	0
@0
	0
entry 3 (255, 17, 0, 0)
@0
	10;0
	44;190.0f;200.0f
	45;460.0f;180.0f
	19;22
	1;0
	29;0
@4
	13;5;0
	7;0
	28;190.0f;200.0f
	17;おーい、日狭美
@8
	11;-1
	4;0
	10;0
	55
	18
	18
@108
	10;0
	28;160.0f;180.0f
	17;はっ！
@128
	10;1
@132
	11;-1
	1;0
	2;0
	12
	13;0;0
@136
	14;0;0
	8;0
	28;460.0f;180.0f
	20;0
	17;残無様！
	17;何でしょう！
@140
	11;-1
@144
	13;5;0
	7;0
	28;190.0f;200.0f
	17;暫く留守にするぞ
@148
	11;-1
@152
	14;2;0
	8;0
	28;460.0f;180.0f
	17;はい！　行ってらっしゃいませ！
@156
	11;-1
@160
	13;3;0
	7;0
	28;190.0f;200.0f
	17;おい、地獄の流儀を忘れたのか
@164
	11;-1
@168
	14;7;0
	8;0
	28;460.0f;180.0f
	17;あ、地獄から出て行こうとする者は殺せ！
	17;ですね！
@172
	11;-1
@176
	13;1;0
	7;0
	28;190.0f;200.0f
	17;そうだ、忘れるな！
@180
	11;-1
	19;1
	54
	4;0
	5;0
	6
	10;0
@210
	52
	0
@0
	0
entry 4 (255, 17, 0, 1)
@0
	10;0
	1;0
	2;0
	44;190.0f;200.0f
	45;460.0f;180.0f
	46;5;0
	47;18;0
@4
	46;0;0
	42;0
@34
	10;1
	29;0
	17;と言うわけで留守を頼むぞ
@38
	11;-1
@42
	46;1;0
	42;0
	17;儂を訪ねてくる奴は
	17;好きにして良いぞ
@46
	11;-1
	50;0
@76
	10;1
@80
	47;0;0
	43;0
	17;……
@84
	11;-1
@88
	47;0;0
	43;0
	17;ごめんなさい残無様
@92
	11;-1
@96
	47;2;0
	43;0
	17;これから萃香様の作戦に乗って
	17;貴方を怒らせたいと思います
@100
	11;-1
	4;0
	5;0
	6
	10;0
@130
	0
@0
	0
entry 5 (255, 17, 0, 2)
@0
	10;0
	1;0
	2;0
	44;190.0f;200.0f
	45;460.0f;180.0f
	46;5;0
	47;18;0
@4
	46;2;0
	42;0
@34
	10;1
	29;0
	17;はい、殺しました！
@38
	11;-1
	4;0
	5;0
	6
	10;0
@68
	0
@0
	0
entry 6 (255, 11, 0, 0)
@0
	10;0
	44;190.0f;200.0f
	45;460.0f;220.0f
	19;22
	1;0
	29;0
@4
	13;5;0
	7;0
	28;190.0f;200.0f
	17;おーい、勁牙組組長　驪駒早鬼！
	17;出てこい
@8
	11;-1
	4;0
	10;0
	55
	18
	18
@108
	10;0
	28;160.0f;180.0f
	17;はっ、え？
@128
	10;1
@132
	11;-1
	1;0
	2;0
	12
	13;0;0
@136
	14;7;0
	8;0
	28;460.0f;220.0f
	20;0
	17;ざ、残無様！？
@140
	11;-1
@144
	14;0;0
	8;0
	28;460.0f;220.0f
	17;地獄から出てくるなんて、
	17;今日はどのようなご用件で……
@148
	11;-1
@152
	13;5;0
	7;0
	28;190.0f;200.0f
	17;地上の所有権はあらかた分配された
@156
	11;-1
@160
	13;0;0
	7;0
	28;190.0f;200.0f
	14;7;0
	17;もう畜生の出る幕も無い
@164
	11;-1
@168
	13;1;0
	7;0
	28;190.0f;200.0f
	19;12
	17;遊びは仕舞いだよ
	17;さっさと畜生界に帰れ！
@172
	11;-1
	54
	4;0
	5;0
	6
	10;0
@202
	52
	0
@0
	0
entry 7 (255, 11, 0, 1)
@0
	10;0
	1;0
	2;0
	44;190.0f;200.0f
	45;460.0f;220.0f
	46;5;0
	47;18;0
@4
	47;17;0
	43;0
@34
	10;1
	29;0
	17;仲間も増えて、手厳しいアドバイスもくれて
	17;まさにこれから、と思っていたのに
@38
	11;-1
@42
	47;17;0
	43;0
	17;も、もうお終いなのですか？
@46
	11;-1
@50
	46;5;0
	42;0
	17;あー、玩んで悪かったな
@54
	11;-1
@58
	46;5;0
	42;0
	17;ただ、勁牙組の功績は
	17;儂の心に留めておこうぞ
@62
	11;-1
@66
	46;5;0
	42;0
	17;あとで祝宴に呼んでやる
@70
	11;-1
@74
	47;12;0
	43;0
	17;え、は、はい
	17;有難くお受けいたします
@78
	11;-1
	4;0
	5;0
	6
	10;0
@108
	0
@0
	0
entry 8 (255, 11, 0, 2)
@0
	10;0
	1;0
	2;0
	44;190.0f;200.0f
	45;460.0f;220.0f
	46;5;0
	47;18;0
@4
	46;7;0
	42;0
@34
	10;1
	29;0
	17;なーんだ、悪い冗談でしたか
@38
	11;-1
	4;0
	5;0
	6
	10;0
@68
	0
@0
	0
entry 9 (255, 12, 0, 0)
@0
	10;0
	44;190.0f;200.0f
	45;450.0f;300.0f
	19;22
	1;0
	29;0
@4
	13;5;0
	7;0
	28;190.0f;200.0f
	17;おーい、剛欲同盟長　饕餮尤魔！
	17;出てこい
@8
	11;-1
	4;0
	10;0
	55
	18
	18
@108
	10;0
	28;160.0f;180.0f
	17;あー？　え？
@128
	10;1
@132
	11;-1
	1;0
	2;0
	12
	13;0;0
@136
	14;7;0
	8;0
	28;450.0f;300.0f
	20;0
	17;これはこれは、残無……、様
@140
	11;-1
@144
	14;5;0
	8;0
	28;450.0f;300.0f
	17;貴方の改革で切り捨てられた
	17;|8,16,こんなばしょ
	17;旧血の池地獄まで、何の用です？
@148
	11;-1
@152
	13;5;0
	7;0
	28;190.0f;200.0f
	17;地上の所有権はあらかた分配された
@156
	11;-1
@160
	13;0;0
	7;0
	28;190.0f;200.0f
	14;7;0
	17;もう畜生の出る幕も無い
@164
	11;-1
@168
	13;1;0
	7;0
	28;190.0f;200.0f
	19;13
	17;遊びは仕舞いだよ
	17;もう地上で暴れるな！
@172
	11;-1
	54
	4;0
	5;0
	6
	10;0
@202
	52
	0
@0
	0
entry 10 (255, 12, 0, 1)
@0
	10;0
	1;0
	2;0
	44;190.0f;200.0f
	45;450.0f;300.0f
	46;5;0
	47;18;0
@4
	47;13;0
	43;0
@34
	10;1
	29;0
	17;ああ、仕舞い？
	17;ふざけんな
@38
	11;-1
@42
	47;13;0
	43;0
	17;ちやりは何だったんだよ
	17;お前のスパイなんだろ？
@46
	11;-1
@50
	46;0;0
	42;0
	17;ちやりは良い仕事をした
	17;|83,6,いとま
	17;だからもう暇を取らせたよ
@54
	11;-1
@58
	46;5;0
	42;0
	17;最初からお前らに
	17;自由意志なんてなかった
@62
	11;-1
@66
	46;2;0
	42;0
	17;ただ、剛欲同盟の功績は
	17;儂の心に留めておこうぞ
@70
	11;-1
@74
	46;5;0
	42;0
	17;あとで祝宴に呼んでやる
@78
	11;-1
@82
	47;16;0
	43;0
	17;あほくさ、やってられんわ
@86
	11;-1
	4;0
	5;0
	6
	10;0
@116
	0
@0
	0
entry 11 (255, 12, 0, 2)
@0
	10;0
	1;0
	2;0
	44;190.0f;200.0f
	45;450.0f;300.0f
	46;5;0
	47;18;0
@4
	47;18;0
	43;0
@34
	10;1
	29;0
	17;参った参った
	17;降参だ！
@38
	11;-1
	4;0
	5;0
	6
	10;0
@68
	0
@0
	0
entry 12 (255, 10, 0, 0)
@0
	10;0
	44;190.0f;200.0f
	45;500.0f;220.0f
	19;22
	1;0
	29;0
@4
	13;0;0
	7;0
	28;190.0f;200.0f
	17;おーい、鬼傑組組長　吉弔八千慧！
	17;出てこい
@8
	11;-1
	4;0
	10;0
	55
	18
	18
@108
	10;0
	28;160.0f;180.0f
	17;誰？　え？
@128
	10;1
@132
	11;-1
	1;0
	2;0
	12
	13;7;0
@136
	14;7;0
	8;0
	28;500.0f;220.0f
	20;0
	17;残無様！？
	17;何で、畜生界に？
@140
	11;-1
@144
	14;5;0
	8;0
	28;500.0f;220.0f
	17;事前に連絡を頂ければ
	17;お持てなししましたのに
@148
	11;-1
@152
	13;4;0
	7;0
	28;190.0f;200.0f
	17;持てなさんでも良い
@156
	11;-1
@160
	13;5;0
	7;0
	28;190.0f;200.0f
	17;地上の所有権はあらかた分配された
@164
	11;-1
@168
	13;0;0
	7;0
	28;190.0f;200.0f
	14;7;0
	17;もう畜生の出る幕も無い
@172
	11;-1
@176
	13;1;0
	7;0
	28;190.0f;200.0f
	19;11
	17;遊びは仕舞いだよ
	17;もう地上で暴れるな！
@180
	11;-1
	54
	4;0
	5;0
	6
	10;0
@210
	52
	0
@0
	0
entry 13 (255, 10, 0, 1)
@0
	10;0
	1;0
	2;0
	44;190.0f;200.0f
	45;500.0f;220.0f
	46;5;0
	47;18;0
@4
	47;16;0
	43;0
@34
	10;1
	29;0
	17;お仕舞い、ですか
@38
	11;-1
@42
	47;16;0
	43;0
	17;そうなんですか……
@46
	11;-1
@50
	46;0;0
	42;0
	17;暫く見てない間に
	17;随分と腑抜けたな
@54
	11;-1
@58
	46;4;0
	42;0
	17;儂の知っている吉弔八千慧は
	17;こんなんじゃ無かったはずだ
@62
	11;-1
@66
	46;1;0
	42;0
	17;もっと無鉄砲で理知的で
	17;何より馬鹿みたいに元気だったろう
@70
	11;-1
@74
	47;17;0
	43;0
	17;……はっ！
	17;私は、どうかしてたわ
@78
	11;-1
@82
	46;5;0
	42;0
	17;あとで祝宴に呼んでやる
	17;参加するよな
@86
	11;-1
@90
	47;11;0
	43;0
	17;くっくっく
	17;それはそれは楽しみにしておくわ！
@94
	11;-1
	4;0
	5;0
	6
	10;0
@124
	0
@0
	0
entry 14 (255, 10, 0, 2)
@0
	10;0
	1;0
	2;0
	44;190.0f;200.0f
	45;500.0f;220.0f
	46;5;0
	47;18;0
@4
	46;3;0
	42;0
@34
	10;1
	29;0
	17;まだまだお仕舞いじゃ
	17;ないでしょう？
@38
	11;-1
	4;0
	5;0
	6
	10;0
@68
	0
@0
	0
entry 15 (255, 13, 0, 0)
@0
	10;0
	44;190.0f;200.0f
	45;460.0f;220.0f
	19;23
	1;0
	29;0
@4
	13;0;0
	7;0
	28;190.0f;200.0f
	17;畜生どもはもう戦意喪失した事だろう
@8
	11;-1
@12
	13;5;0
	7;0
	28;190.0f;200.0f
	17;動物霊が地上を去るのも
	17;時間の問題だな
@16
	11;-1
@20
	13;0;0
	7;0
	28;190.0f;200.0f
	17;あとは塒に戻って
	17;時が経つのを待つだけだ
@24
	11;-1
	4;0
	10;0
	55
	18
	18
@124
	10;0
	28;160.0f;180.0f
	17;ごくろうさん
@144
	10;1
@148
	11;-1
	1;0
	2;0
	12
	13;7;0
@152
	14;2;0
	8;0
	28;460.0f;220.0f
	17;畜生達への挨拶回り
	17;楽しかったかい
@156
	11;-1
@160
	13;6;0
	7;0
	28;190.0f;200.0f
	17;あー？
	17;萃香だと？
@164
	11;-1
@168
	14;5;0
	8;0
	28;460.0f;220.0f
	19;14
	17;私がここに居ちゃ
	17;なんかおかしいかい？
@172
	11;-1
@176
	14;5;0
	8;0
	28;460.0f;220.0f
	17;全て掌の上なんだろ？
@180
	11;-1
@184
	13;6;0
	7;0
	28;190.0f;200.0f
	17;……
@188
	11;-1
@192
	13;6;0
	7;0
	28;190.0f;200.0f
	17;いや、まあおかしくは無いが
@196
	11;-1
@200
	14;1;0
	8;0
	28;460.0f;220.0f
	17;私にも祝福させてくれよ
	17;異変解決のさ！
@204
	11;-1
	54
	4;0
	5;0
	6
	10;0
@234
	52
	0
@0
	0
entry 16 (255, 13, 0, 1)
@0
	10;0
	1;0
	2;0
	44;190.0f;200.0f
	45;460.0f;220.0f
	46;5;0
	47;18;0
@4
	46;6;0
	42;0
@34
	10;1
	29;0
	17;何を企んでいる？
@38
	11;-1
@42
	47;10;0
	43;0
	17;あー？
@46
	11;-1
@50
	46;6;0
	42;0
	17;萃香がこんな場所で儂を待ち構える
	17;意味なんてない
@54
	11;-1
@58
	46;6;0
	42;0
	17;偶然も考えにくい
@62
	11;-1
@66
	47;14;0
	43;0
	17;お前の悪い癖だな
	17;全てに意味があると思うのは
@70
	11;-1
@74
	47;11;0
	43;0
	17;ま、祝宴に呼んで貰いたかっただけだよ
@78
	11;-1
@82
	47;11;0
	43;0
	17;じゃあな
@86
	11;-1
@90
	46;6;0
	42;0
	17;……
@94
	11;-1
	4;0
	5;0
	6
	10;0
@124
	0
@0
	0
entry 17 (255, 13, 0, 2)
@0
	10;0
	1;0
	2;0
	44;190.0f;200.0f
	45;460.0f;220.0f
	46;5;0
	47;18;0
@4
	46;3;0
	42;0
@34
	10;1
	29;0
	17;何があっても戦いに集中しろよ
	17;それが鬼だろ？
@38
	11;-1
	4;0
	5;0
	6
	10;0
@68
	0
@0
	0
entry 18 (255, 0, 0, 0)
@0
	10;0
	44;190.0f;200.0f
	45;460.0f;220.0f
	19;23
	1;0
	29;0
@4
	13;3;0
	7;0
	28;190.0f;200.0f
	17;……やってくれたな
	17;日狭美の奴
@8
	11;-1
@12
	13;3;0
	7;0
	28;190.0f;200.0f
	17;儂が留守の間に誰も入れるなと
	17;言ったはずだ
@16
	11;-1
@20
	13;7;0
	7;0
	28;190.0f;200.0f
	17;ん？　そうか！
	17;そういうことか
@24
	11;-1
@28
	13;4;0
	7;0
	28;190.0f;200.0f
	17;くっくっく
@32
	11;-1
	4;0
	10;0
	55
	18
	18
@132
	10;0
	28;160.0f;180.0f
	17;何を笑ってるのよ
@152
	10;1
@156
	11;-1
	1;0
	2;0
	12
	13;7;0
@160
	14;0;0
	8;0
	28;460.0f;220.0f
	20;0
	17;地獄の案内人だったら
	17;快く案内してくれたわよ
@164
	11;-1
@168
	13;6;0
	7;0
	28;190.0f;200.0f
	17;隠れていたのは霊夢、か
@172
	11;-1
@176
	14;0;0
	8;0
	28;460.0f;220.0f
	17;なんか知らんけど
	17;最後の仕事だってさ
@180
	11;-1
@184
	13;4;0
	7;0
	28;190.0f;200.0f
	17;ふ、萃香の仕業だな
	17;お前も日狭美も
@188
	11;-1
@192
	13;0;0
	7;0
	28;190.0f;200.0f
	17;まあいい、どうせ霊夢を
	17;呼ぶつもりだったんだ
@196
	11;-1
@200
	13;5;0
	7;0
	28;190.0f;200.0f
	17;全て予定通りだ
@204
	11;-1
@208
	14;6;0
	8;0
	28;460.0f;220.0f
	17;私を呼ぶ？
	17;何の用？
@212
	11;-1
@216
	13;0;0
	7;0
	28;190.0f;200.0f
	17;簡単な用事だ
@220
	11;-1
@224
	13;1;0
	7;0
	28;190.0f;200.0f
	17;儂と戦い、儂を倒してくれ
@228
	11;-1
@232
	14;6;0
	8;0
	28;460.0f;220.0f
	17;ああ？
	17;何だそれ
@236
	11;-1
@240
	13;0;0
	7;0
	28;190.0f;200.0f
	17;『幻想郷の異変は自然に解決した』
@244
	11;-1
@248
	13;6;0
	7;0
	28;190.0f;200.0f
	17;それじゃあ民の不安は払われん
	17;本当の異変解決にはならんのじゃ
@252
	11;-1
@256
	13;0;0
	7;0
	28;190.0f;200.0f
	17;『黒幕だった残無を倒して、巫女が解決した』
	17;という事にしてくれ
@260
	11;-1
@264
	13;1;0
	7;0
	28;190.0f;200.0f
	17;それだけで、幻想郷は安定する
@268
	11;-1
@272
	13;2;0
	7;0
	28;190.0f;200.0f
	17;異変解決の功績をお前にやろう
	17;って言うんだ、やってくれるよな
@276
	11;-1
@280
	14;3;0
	8;0
	28;460.0f;220.0f
	19;19
	13;7;0
	17;ふん、お断りよ
@284
	11;-1
@288
	14;3;0
	8;0
	28;460.0f;220.0f
	17;お前の真の目的はもう判っているわ！
@292
	11;-1
@296
	14;6;0
	8;0
	28;460.0f;220.0f
	13;6;0
	17;異変に関わった全ての者に
	17;|5,10,おまえ
	17;残無の影を残すこと
@300
	11;-1
@304
	14;0;0
	8;0
	28;460.0f;220.0f
	17;もし私が異変解決したことになったとしても
	17;ずっと心の中にお前の影が残り続ける
@308
	11;-1
@312
	14;5;0
	8;0
	28;460.0f;220.0f
	13;3;0
	17;そんなのまっぴらごめんだわ！
@316
	11;-1
@320
	13;3;0
	7;0
	28;190.0f;200.0f
	14;1;0
	17;……おのれ、萃香の入れ知恵だな
@324
	11;-1
@328
	13;5;0
	7;0
	28;190.0f;200.0f
	17;儂の掌の上から逃れようとするのなら
	17;もう負けてやる必要はない
@332
	11;-1
@336
	13;2;0
	7;0
	28;190.0f;200.0f
	17;真の鬼の恐怖をお前の心に残してやろう！
@340
	11;-1
@344
	13;1;0
	7;0
	28;190.0f;200.0f
	29;1
	17;空想の先まで恐怖を刻め！
	17;未来多き人間よ！
@348
	11;-1
	54
	4;0
	5;0
	6
	10;0
@378
	52
	0
@0
	0
entry 19 (255, 0, 0, 1)
@0
	10;0
@120
	10;0
@180
	21
@300
	22
	0
@0
	0
entry 20 (255, 0, 0, 2)
@0
	10;0
	1;0
	2;0
	44;190.0f;200.0f
	45;460.0f;220.0f
	46;5;0
	47;18;0
@4
	46;4;0
	42;0
@34
	10;1
	29;0
	17;え？　私が勝っても終わらないの？　何で？
@38
	11;-1
	4;0
	5;0
	6
	10;0
@68
	0
@0
	0
