header(0, 0, 0, 0, 0, 0, 0, 0, 0, 0, 0, 0, 0, 0, 0, 0, 0, 0, 0, 0)
entry 0 (16, 19, 0, 0)
@0
	10;0
	1;0
	2;0
	44;190.0f;200.0f
	45;450.0f;200.0f
	46;1;0
	47;18;0
@4
	46;1;0
	42;0
@34
	10;1
	29;0
	17;かった！
@38
	11;-1
	4;0
	5;0
	6
	10;0
@68
	0
@0
	0
entry 1 (100, 0, 0, 0)
@0
	10;0
	1;0
	2;0
	44;190.0f;200.0f
	45;450.0f;200.0f
	46;6;0
	47;18;0
@4
	46;6;0
	42;0
@34
	10;1
	29;0
	17;この程度で良い気になってる奴がいるとは
	17;地上も地獄じゃの
@38
	11;-1
	4;0
	5;0
	6
	10;0
@68
	0
@0
	0
entry 2 (50, 0, 0, 2)
@0
	10;0
	1;0
	2;0
	44;190.0f;200.0f
	45;450.0f;200.0f
	46;6;0
	47;18;0
@4
	46;5;0
	42;0
@34
	10;1
	29;0
	17;大人しく、儂の功績を奪っていくが良い
	17;さあ、儂を殺してみよ
@38
	11;-1
	4;0
	5;0
	6
	10;0
@68
	0
@0
	0
entry 3 (50, 0, 0, 2)
@0
	10;0
	1;0
	2;0
	44;190.0f;200.0f
	45;450.0f;200.0f
	46;6;0
	47;18;0
@4
	46;5;0
	42;0
@34
	10;1
	29;0
	17;お前が居たから地上が救われたんじゃ
	17;意味わかるよな？
@38
	11;-1
	4;0
	5;0
	6
	10;0
@68
	0
@0
	0
entry 4 (100, 1, 0, 0)
@0
	10;0
	1;0
	2;0
	44;190.0f;200.0f
	45;450.0f;200.0f
	46;0;0
	47;18;0
@4
	46;5;0
	42;0
@34
	10;1
	29;0
	17;霧雨魔理沙か覚えておくぞ
	17;死後にまた会おうぞ
@38
	11;-1
	4;0
	5;0
	6
	10;0
@68
	0
@0
	0
entry 5 (100, 2, 0, 0)
@0
	10;0
	1;0
	2;0
	44;190.0f;200.0f
	45;450.0f;200.0f
	46;0;0
	47;18;0
@4
	46;0;0
	42;0
@34
	10;1
	29;0
	17;どうせお前も骨になる
	17;虚無の中に未来があるんじゃ
@38
	11;-1
	4;0
	5;0
	6
	10;0
@68
	0
@0
	0
entry 6 (100, 3, 0, 0)
@0
	10;0
	1;0
	2;0
	44;190.0f;200.0f
	45;450.0f;200.0f
	46;0;0
	47;18;0
@4
	46;0;0
	42;0
@34
	10;1
	29;0
	17;紫に言っとけ、未来は虚無の中にある、
	17;待っていても何も生み出されん、とな
@38
	11;-1
	4;0
	5;0
	6
	10;0
@68
	0
@0
	0
entry 7 (100, 4, 0, 0)
@0
	10;0
	1;0
	2;0
	44;190.0f;200.0f
	45;450.0f;200.0f
	46;0;0
	47;18;0
@4
	46;5;0
	42;0
@34
	10;1
	29;0
	17;お前は何故博麗神社を護るのだ？
	17;考えたことはあるか？
@38
	11;-1
	4;0
	5;0
	6
	10;0
@68
	0
@0
	0
entry 8 (100, 5, 0, 0)
@0
	10;0
	1;0
	2;0
	44;190.0f;200.0f
	45;450.0f;200.0f
	46;0;0
	47;18;0
@4
	46;5;0
	42;0
@34
	10;1
	29;0
	17;探し物をしている時は
	17;人生の第一段階だ
@38
	11;-1
	4;0
	5;0
	6
	10;0
@68
	0
@0
	0
entry 9 (30, 5, 0, 0)
@0
	10;0
	1;0
	2;0
	44;190.0f;200.0f
	45;450.0f;200.0f
	46;0;0
	47;18;0
@4
	46;5;0
	42;0
@34
	10;1
	29;0
	17;探し物をしている時は
	17;人生の第一段階だ
@38
	11;-1
@42
	46;5;0
	42;0
	17;それがお前に理解できる時は
	17;一生来ないだろうな
@46
	11;-1
	4;0
	5;0
	6
	10;0
@76
	0
@0
	0
entry 10 (100, 6, 0, 0)
@0
	10;0
	1;0
	2;0
	44;190.0f;200.0f
	45;450.0f;200.0f
	46;0;0
	47;18;0
@4
	46;5;0
	42;0
@34
	10;1
	29;0
	17;虚無は死を介して流転するんじゃ
	17;月の民はそれを理解していない
@38
	11;-1
	4;0
	5;0
	6
	10;0
@68
	0
@0
	0
entry 11 (100, 7, 0, 0)
@0
	10;0
	1;0
	2;0
	44;190.0f;200.0f
	45;450.0f;200.0f
	46;0;0
	47;18;0
@4
	46;2;0
	42;0
@34
	10;1
	29;0
	17;そうか、皆まだ元気なんじゃな
	17;そうかそうか、懐かしいのう
@38
	11;-1
	4;0
	5;0
	6
	10;0
@68
	0
@0
	0
entry 12 (100, 8, 0, 0)
@0
	10;0
	1;0
	2;0
	44;190.0f;200.0f
	45;450.0f;200.0f
	46;0;0
	47;18;0
@4
	46;5;0
	42;0
@34
	10;1
	29;0
	17;余り人を欺くと、死を待たずして
	17;地獄に落とされるぞ
@38
	11;-1
	4;0
	5;0
	6
	10;0
@68
	0
@0
	0
entry 13 (100, 9, 0, 0)
@0
	10;0
	1;0
	2;0
	44;190.0f;200.0f
	45;450.0f;200.0f
	46;0;0
	47;18;0
@4
	46;5;0
	42;0
@34
	10;1
	29;0
	17;お前の行動も全て儂の掌の上じゃ
	17;うぬぼれるなよ
@38
	11;-1
	4;0
	5;0
	6
	10;0
@68
	0
@0
	0
entry 14 (100, 10, 0, 0)
@0
	10;0
	1;0
	2;0
	44;190.0f;200.0f
	45;450.0f;200.0f
	46;0;0
	47;18;0
@4
	46;5;0
	42;0
@34
	10;1
	29;0
	17;八千慧どの、儂はお前に期待しているぞ
	17;さっさと地上を平定せんか
@38
	11;-1
	4;0
	5;0
	6
	10;0
@68
	0
@0
	0
entry 15 (100, 11, 0, 0)
@0
	10;0
	1;0
	2;0
	44;190.0f;200.0f
	45;450.0f;200.0f
	46;0;0
	47;18;0
@4
	46;3;0
	42;0
@34
	10;1
	29;0
	17;地上を平定できるのはお主しかいないんじゃ
	17;力自慢のお前がそんなに弱くてどうする
@38
	11;-1
	4;0
	5;0
	6
	10;0
@68
	0
@0
	0
entry 16 (100, 12, 0, 0)
@0
	10;0
	1;0
	2;0
	44;190.0f;200.0f
	45;450.0f;200.0f
	46;0;0
	47;18;0
@4
	46;6;0
	42;0
@34
	10;1
	29;0
	17;幻想郷で一番信を得ているのはお主じゃ
	17;お前が地上を平定しないでどうする
@38
	11;-1
	4;0
	5;0
	6
	10;0
@68
	0
@0
	0
entry 17 (100, 13, 0, 0)
@0
	10;0
	1;0
	2;0
	44;190.0f;200.0f
	45;450.0f;200.0f
	46;0;0
	47;18;0
@4
	46;0;0
	42;0
@34
	10;1
	29;0
	17;何だ、酒でも持ってきたのか？
@38
	11;-1
	4;0
	5;0
	6
	10;0
@68
	0
@0
	0
entry 18 (100, 14, 0, 0)
@0
	10;0
	1;0
	2;0
	44;190.0f;200.0f
	45;450.0f;200.0f
	46;0;0
	47;18;0
@4
	46;0;0
	42;0
@34
	10;1
	29;0
	17;もっと強くならないと
	17;いますぐに地獄に堕ちるぞ！
@38
	11;-1
	4;0
	5;0
	6
	10;0
@68
	0
@0
	0
entry 19 (100, 15, 0, 0)
@0
	10;0
	1;0
	2;0
	44;190.0f;200.0f
	45;450.0f;200.0f
	46;0;0
	47;18;0
@4
	46;5;0
	42;0
@34
	10;1
	29;0
	17;どんな気分だ？
	17;この儂と戦うというのは
@38
	11;-1
	4;0
	5;0
	6
	10;0
@68
	0
@0
	0
entry 20 (100, 15, 0, 2)
@0
	10;0
	1;0
	2;0
	44;190.0f;200.0f
	45;450.0f;200.0f
	46;0;0
	47;18;0
@4
	46;1;0
	42;0
@34
	10;1
	29;0
	17;お前の不死は、永遠に解けない呪いじゃ
	17;儂からのプレゼントじゃよ
@38
	11;-1
	4;0
	5;0
	6
	10;0
@68
	0
@0
	0
entry 21 (100, 16, 0, 0)
@0
	10;0
	1;0
	2;0
	44;190.0f;200.0f
	45;450.0f;200.0f
	46;0;0
	47;18;0
@4
	46;6;0
	42;0
@34
	10;1
	29;0
	17;血の池地獄は、旧地獄の方が良かったな
	17;最近は血というと、コンプライアンスが酷くてのう
@38
	11;-1
	4;0
	5;0
	6
	10;0
@68
	0
@0
	0
entry 22 (100, 17, 0, 0)
@0
	10;0
	1;0
	2;0
	44;190.0f;200.0f
	45;450.0f;200.0f
	46;0;0
	47;12;0
@4
	46;4;0
	42;0
@34
	10;1
	29;0
	17;ああ、よく頑張ってるようじゃが
	17;最近は少し、ウエルカムしすぎじゃな
@38
	11;-1
	4;0
	5;0
	6
	10;0
@68
	0
@0
	0
entry 23 (100, 18, 0, 0)
@0
	10;0
	1;0
	2;0
	44;190.0f;200.0f
	45;450.0f;200.0f
	46;0;0
	47;18;0
@4
	46;1;0
	42;0
@34
	10;1
	29;0
	17;全ては儂の掌の上だ！
@38
	11;-1
	4;0
	5;0
	6
	10;0
@68
	0
@0
	0
entry 24 (20, 18, 0, 0)
@0
	10;0
	1;0
	2;0
	44;190.0f;200.0f
	45;450.0f;200.0f
	46;0;0
	47;18;0
@4
	46;0;0
	42;0
@34
	10;1
	29;0
	17;全ては儂の掌の上だ……
@38
	11;-1
@42
	46;6;0
	42;0
	17;ん、誰だお前？
@46
	11;-1
	4;0
	5;0
	6
	10;0
@76
	0
@0
	0
